leftElbow_x,leftElbow_y,leftHip_x,leftHip_y,leftShoulder_x,leftShoulder_y,leftWrist_x,leftWrist_y,ms_since_last_frame,ms_since_start,rightElbow_x,rightElbow_y,rightHip_x,rightHip_y,rightShoulder_x,rightShoulder_y,rightWrist_x,rightWrist_y
395.9151226013346,157.9553852556439,333.11083725339853,286.69425991506336,335.79292519971614,170.06876093637052,442.4349238954742,135.75109081336188,0,0.0,257.88612267066696,239.519086274388,283.17127986675234,290.190080527309,261.293480668207,186.0139655388123,254.81252897955696,288.1701733802985
395.7701875803009,168.48465020122057,330.1870282322405,293.74142168255463,331.50061447993517,170.24364946575776,445.4264325614949,147.51186547330266,114,114.0,254.6597990243441,241.36589674762985,282.40187121323,289.8038566833713,258.81315034011317,183.923349889572,253.66258494733813,289.7248891918685
389.69934438204575,196.34503021783246,326.89469891454564,293.35459590382425,327.7312206399852,173.04684024688615,432.72982083834137,191.01750981341053,113,227.0,254.3902094104878,245.4230584623126,278.30024860898135,289.3307554849102,259.8200660928175,183.17252542624692,253.20506371617003,288.15860985861127
369.55343818158633,206.0007501242424,325.62693709720037,289.14493845875154,324.18527456430286,175.5447134513448,437.8835031524577,221.743348484786,113,340.0,253.3901588986344,243.85309334751548,280.83375237664745,293.8694199803037,259.9166562512952,181.4737742142321,247.42638565184902,293.1077439929242
353.63949393720145,219.5870396760011,319.40814516588614,289.24992578309633,325.1251957334321,175.83524269565567,392.9230740089317,253.64507817712968,131,471.0,250.08581186795425,239.9696694913708,277.932385108199,292.54004861960635,259.28219580207644,179.60068142711054,250.0319515805029,285.56890402824433
348.10142780172407,228.3857993129309,318.6000611484841,287.34353185972714,324.93850424688117,178.00604413836876,363.4506816509864,278.59204655440254,124,595.0,249.94870456523543,237.15051807118482,275.31548740376843,293.1958415075553,259.7387039629787,178.50340637872227,246.50900438546506,283.7631250021721
341.93894383761864,233.680376208974,316.09664067033117,289.65034946428074,324.79456651115925,179.4268454690845,318.76021731753565,288.60236388508537,112,707.0,249.32540245966823,238.31007906550616,271.2972759378368,290.85092266259244,257.4742130512268,176.39306662345695,244.18795719703246,286.2332899629858
323.64810366845575,239.81825886247847,316.2119833544015,285.0019662660212,323.167854126948,180.16470674942403,298.2501738773417,265.90332058400867,110,817.0,252.8540379046129,239.02747578468188,269.10235437853584,285.93232124301466,257.2371052304377,176.98176475606354,255.5900836813039,281.2665845660553
322.48125556925567,240.9368125399661,315.9704104152852,288.23621240799116,322.93226570918637,180.7162987379841,291.3257564473848,264.2523934578132,111,928.0,253.2426610486261,242.3457130079168,267.81776286562814,290.0463370326575,256.96882252984085,177.01232485923904,253.18726881113233,284.28273564131666
322.8470682402188,239.9681805376481,314.1770777209052,287.38161731869303,322.60554872710134,179.0574323240124,289.02683895525945,259.62010873170084,112,1040.0,253.9325056404903,243.09897616240482,268.7436613290316,288.9105463537033,255.191775051289,177.02394142693896,248.66284317299926,279.3634638667531
322.93347487715266,232.16505654341807,313.38854559536634,286.8221111908502,321.71422012288633,177.12376959383275,296.72652753025534,267.3530402132625,113,1153.0,252.22128951581155,234.91908124333176,264.6793930094185,284.8228303902514,254.69274222376487,175.8431425807315,254.37114037632628,283.0422962772465
322.8208087546756,232.62113548258446,311.5499958878171,282.55412553128826,321.92824791217674,176.83039536255538,297.0860585989307,269.60110294437067,116,1269.0,251.39305377828663,233.8724980744603,264.9410249826446,282.8296650516605,254.36482801361493,176.35026103661153,252.644833025945,283.8761820402858
323.1580190886237,232.46275590832127,310.0303613475526,282.85243064907525,321.3212549022401,175.75290978591212,295.5349237659566,270.2916125640326,111,1380.0,249.8541551180164,235.69753178498073,268.82385901494115,286.36908480281085,253.21343136086705,177.37863017995164,247.92248834665642,280.0158622171531
323.8194131218786,231.62632952381284,310.9775735465538,282.4110251049978,320.5430064719931,174.71343702268769,296.51112361675234,269.7597856623422,112,1492.0,251.88846658964692,239.87684813258488,265.0153219288793,288.718585357123,250.38807350381302,177.05539908697597,250.5710705015957,279.63673656097086
321.5740379920373,231.38731213226865,309.98677544631755,280.90400397141207,320.24878706792936,177.11833212299283,290.91249987048246,264.86892863100536,111,1603.0,249.29566886760202,235.910601225612,264.52706334445463,282.5533309610713,252.12151282029697,175.06179191888015,248.8282108053921,275.7699536768143
320.4218662575638,231.97246183279998,309.82531155452165,279.9604838089586,319.29734935811086,176.96717099362846,291.06017904509287,264.87727915264963,112,1715.0,249.30144130393117,237.7652946825129,262.2895485146925,286.33621052915095,250.70138379812875,175.1347034087809,249.21569500424818,278.1932728994784
317.9593907363851,236.9687911878701,308.99644846625284,279.6348118357812,317.91756789311177,177.36128146113876,292.87652701218497,270.86962879764656,112,1827.0,249.7231140946204,238.11859293764599,261.1345229414477,287.0512259812542,250.1132914495089,178.2226258410254,249.63750621684352,276.63065363928087
317.03536703985003,231.07501712133882,309.3479899196473,280.28494661813113,315.8641736260776,177.731235273368,283.6121123539042,265.47390282790434,108,1935.0,249.8345105401401,237.4694938252405,260.33016619694956,286.102470859514,250.11619426211251,177.7838634341637,248.7266220780836,277.080417239369
318.01694834580155,228.89938347704467,309.43943256408534,279.6099696040577,315.59634261801637,177.34182581782767,293.37394896489565,269.81116026745997,111,2046.0,250.08746119329723,234.84552811049062,260.03924868151114,285.9635843840358,250.52221080668727,178.10731826727925,248.32526492819545,275.67351215674785
319.0155409754745,230.0265570806863,308.5716923478428,280.20806064809346,315.3548247238685,177.34293520238475,294.7342299403183,267.54899320229094,110,2156.0,249.79044623336998,235.25574626447468,260.1451220120296,285.5971584116437,250.39813540026108,177.72121986036203,248.23041273364967,278.3167444683903
323.37255806758486,228.97274763982915,308.361055490509,279.2954069524473,314.54505009739717,176.9599222203591,285.15065160290953,269.8338187546917,119,2275.0,247.88555438701923,233.4954413145887,259.9194368316893,283.27774319360265,250.5309823843149,176.57933978423532,249.43067636666942,278.0738531906834
333.9227294921875,227.02877397639045,308.5772373189345,279.53594465696943,315.13700530763015,176.037467332073,327.56143827969584,274.0833138571091,113,2388.0,240.76096269116798,232.8315646622953,266.2393832017003,280.2405675704793,248.32457686608916,178.00013640597197,235.627793127409,280.61847754644754
340.56454666097216,221.22279828977761,307.89846405110245,284.8528198160735,314.0948113965103,173.0380026386302,358.0319505281727,270.5972480095154,110,2498.0,240.06188025841348,234.14279652660002,261.27202365379435,287.23325464649133,246.34968724744078,176.7605156406389,237.25841856129293,283.431722837835
357.56978690149936,212.23591529601836,310.11462892082073,286.10680149119094,313.6368502103365,172.72569540980874,387.8646591550792,241.84034843037563,112,2610.0,237.9552979810801,235.17429141387402,264.60877557648274,287.46189049554465,243.77404493741716,177.8245571584464,236.1853266141775,284.1690115063216
360.39924439447947,193.1820852476507,312.34382752082075,284.049594648368,313.78125259035147,170.03647963771616,408.32684585207016,202.85349129782028,112,2722.0,236.9309629242996,237.22328620449082,266.96450797569213,288.85691632579653,241.69268620741462,177.7252924908947,240.48620208821185,280.9972549927192
363.28838884672376,188.0320386784781,314.6479742723056,283.06700899931883,318.35451809101465,170.06252003734224,425.743417916943,161.82551991472891,123,2845.0,237.66858492985332,238.38091758646576,267.1438015803734,285.9551393773632,241.22973049983426,179.37232781135316,238.69691479427433,281.67422678122745
364.66515032619003,158.5942164519504,314.8595586316339,280.1334818232526,318.99023567017576,166.930302453635,407.45130370719363,143.88878004406698,126,2971.0,240.72288614369202,239.0987830654158,268.2723472858297,286.9372933275759,240.9715825493203,178.91495185390482,239.5550326643319,282.5636432688431
367.1671928587896,151.00005723403441,315.22648130867145,280.34080315315003,316.5316764366089,164.46636118498563,416.4422137920673,127.9759931734024,110,3081.0,240.5216360724573,237.4059070302074,268.8279946729422,285.35834587341526,241.2159061178921,178.0262370805299,241.2279973928113,282.2871849630227
369.3051805167363,147.61676666151163,316.2186887219983,279.3602016896964,315.6410083720159,163.47640249652798,422.58279572747426,121.91750278676531,113,3194.0,240.40343266899453,236.34787345696174,268.6273873326633,284.8387042822787,242.16107517718,176.94508074017182,242.77407051713774,281.28611690209004
362.3934657251171,154.18985061374,315.29557974332215,276.4716673067032,318.9438926636066,162.05407329301394,419.5087625113976,133.42611278927623,111,3305.0,238.79111211559186,237.3881719460267,267.2967059795673,282.93254865870364,241.27210055485332,176.66827381717778,239.015175088331,280.77560574134475
370.82109081966485,157.2087238352494,315.45319797505755,277.64568939752,318.88560813681204,162.47598559830962,413.9859324488146,143.62048491888623,114,3419.0,238.2594060518381,234.76097724615886,267.05736074270555,282.21272750257174,241.68357464615798,176.89365319085715,236.38690452676872,280.97102562303644
367.7228465194095,169.8590717790814,314.84798441515045,276.01995556379984,313.68766481111163,165.98656135097514,417.0217462433428,153.86926861420218,108,3527.0,236.7174402535436,231.32260841831197,266.19646633967795,280.79553515885647,240.5898181702794,175.5997800996719,237.21197275015027,277.7643951741826
375.8381130714317,183.3126483523549,313.8112019101252,275.9019356181189,315.2440175833057,165.5522177482415,425.3147989369198,177.83678563888387,112,3639.0,236.66097059173993,230.9767906691256,268.59648282078916,283.0847192404533,239.70916990892326,174.90526382609195,235.76130146056968,276.30473527195613
355.0068057437158,192.45729874037343,310.9199827482593,278.8640388135808,307.2387873399163,164.51960298938684,433.91066654923736,200.7510662418244,115,3754.0,237.21423566499504,232.3116176986397,267.81622605867665,281.9736657193547,241.65363989711125,173.86583158554132,239.08340413627323,278.70263069125684
343.09415862794265,206.33074234388906,309.9344786788172,280.5874172224269,309.2450566380347,167.5749788929135,379.75428735545836,236.48579553352985,115,3869.0,236.2538244110836,229.21432834503062,266.24456188090596,282.881007075734,243.2738415948276,171.45126668583882,236.7242225221993,277.10119132045327
337.8319875378192,218.4848814036074,310.2433003797456,274.19980900991857,310.8923380317992,169.92149543083437,354.8008456849926,262.9338151789221,113,3982.0,237.73092497565068,229.06118379368905,261.4678526051165,279.9862008417204,244.86621806096653,171.56250162905218,235.79174011392368,277.97620291387483
329.89068231152606,225.725785523547,306.99293303552935,281.29959608736414,312.50902899380384,173.99633007117438,319.2594735628731,278.05482097367803,113,4095.0,238.21925398525573,229.5093112144606,260.29455088810204,280.23961946209135,246.60028513293685,173.8920853910073,236.02182524906232,277.39702516603296
317.78977614182696,229.6200089777068,307.1760846449146,278.1929206169373,313.12728436619284,175.57239003028735,294.90586986592336,266.03495818440183,116,4211.0,241.93135957186672,231.10086732911896,260.7188091733411,277.52595813248934,247.00583055734006,172.79185366376015,246.95590153297002,277.92583954291837
315.0424469560781,230.37877832867497,307.01276298543183,279.88331804920347,315.13198164476955,173.90276790089456,284.3786588714357,265.2085986425868,259,4470.0,245.2642061349884,240.36113073817356,260.6379505430672,280.5479208515208,247.33179390904758,171.71635868710555,244.47451806511108,271.7398179892544
312.33409284596735,234.9919660575025,307.20140613991015,278.403592907237,314.7832118674362,173.4592079352654,284.9228172403432,264.19132436297537,108,4578.0,246.6625231836456,236.0935576360845,256.8430625854816,281.7865030960681,247.83245380108173,170.98295734446242,244.6026562759035,270.0398083344049
314.2827745837305,231.64684906548882,308.2956709722625,277.93691669070427,315.7419851287923,172.2982406616211,283.262039305993,262.5385885815604,113,4691.0,247.1247908291197,236.15896611875488,260.5433780255305,280.3820214322453,247.94943973935884,170.68981265682342,245.79244193727212,268.98865872854867
314.8917184521096,230.85892375253695,308.57786547916317,278.4884086961848,313.24937572529836,173.22419760490232,283.96249624399036,258.59085626025217,144,4835.0,245.10802817913842,232.4936719084974,261.44056729992127,279.7914916340567,249.92768629160102,172.265449062361,246.54980403991212,268.7962676621841
317.32165025463155,228.92112867687942,308.16259652297117,279.49636520440043,313.67029326664044,174.6799406547139,291.7953110753067,259.24153473877817,111,4946.0,245.17034474987568,235.3447670444475,262.6295159539746,281.41351774493995,249.76323701974889,173.20475242316087,245.46748720366384,274.0380015152629
317.60063353520815,229.05797557898688,308.6752772647443,279.50427425289496,313.8223355644894,176.04758944799892,296.312916398997,261.9031853183733,109,5055.0,245.20916278545673,236.13952704595928,259.2490601476371,281.40379719038447,249.18975911026607,175.36137319544457,243.01647560666032,276.4771682087637
317.952387883113,227.5272240418132,309.3542035252093,279.0936732716408,312.69274319514665,176.73786285508996,293.5483670424403,263.6187499782793,109,5164.0,244.98108719641084,235.79947542889687,259.84714599123686,280.5627126456156,248.7453406053133,176.95680502894936,245.0692838066769,276.20783782090155
316.6614732818199,230.6411209988849,307.5806295460668,282.2250447663548,312.99876731649954,177.7186557321786,286.4907424076799,262.74821848207523,109,5273.0,244.15764522805455,240.6921378573489,259.72180930625854,281.4945907864282,247.2211486654509,177.03156223500753,245.5495398240633,276.52366828239684
318.39631179283407,229.90151958533454,309.3857442921605,279.9207129427547,313.26115211061835,176.45058112636582,291.9787371000497,261.31937546237936,121,5394.0,243.55673225868287,238.3932499189818,259.7127317433648,282.1895249119009,247.63086941261193,176.26973596756145,246.1897937562169,277.3079921681686
314.18006391044634,233.1993439698134,310.67277093781087,276.3615898050872,312.88958076456817,174.64011928789134,283.054089128813,262.3170220045857,122,5516.0,244.86473832269562,233.03976822578187,263.78423635143815,279.37652479287146,249.811911342631,173.67324910554177,248.06275385444297,271.42267736251665
317.52293837165325,226.8599964291176,312.08251143640166,275.82069071162215,316.0482294300191,168.4955322700039,289.4543926532452,253.1499179826513,108,5624.0,248.48841821483342,232.7530178735265,264.9701316287094,278.0810128751599,251.6561719656623,168.34304076496818,249.55362092278682,270.47238706269724
320.44264735214267,227.2414129399744,313.67393271044017,275.800849670193,317.69804936821333,167.4911588621309,289.3442800506673,251.0560206077277,116,5740.0,249.36806433396885,229.6758897448774,269.16513701016447,278.9391584837564,252.23936369311593,167.51739719160088,246.44556951143383,266.0875810507777
320.6366788423978,219.61847101666325,315.069139718377,265.53588134114,320.27119522701844,163.6167069855958,293.01681235235003,243.93227200491145,112,5852.0,248.35789526172908,221.12379141973855,272.3037177371726,270.74246579641976,254.0365268697157,165.4671018064234,251.31047256429244,266.9317388025467
323.48496495254483,218.8276356182913,314.95335586507383,265.4813194953674,320.4773661565401,162.9739159960764,296.7440933510859,252.06838777481025,117,5969.0,250.64457334321116,219.62024332365533,269.206281909892,267.24751754163424,254.44324928506302,160.99971587971862,252.1784289129849,260.4298617916175
320.6006571721652,212.7096734097844,315.0123673092465,265.628266521196,320.3261981023085,159.7573768371365,289.89786406094584,243.55496742547194,109,6078.0,251.90822206694503,223.72856506673463,266.19238127447886,269.36023209867113,250.6969453928009,161.3508049364192,255.0566315587699,257.70062280295156
308.9706930873881,212.5318749858816,308.3039949047787,260.8719366216151,311.63709078922835,156.96986812713732,288.3040888050191,239.602565833258,109,6187.0,247.30362707487157,218.96476509732284,264.0932668994529,260.544081718472,247.64887397422086,155.901202544623,252.54263232810428,255.7176406697446
309.9273552123052,213.8058789344869,303.4122485254425,256.9478707635954,309.5712636446763,155.03301138555452,287.1368375823732,249.10616056774862,106,6293.0,243.1193497958803,214.4164827285712,262.3167281821173,258.3130881964524,245.84330105971284,154.7580884614449,247.58581024898461,258.14939451387346
327.15270712774065,205.67612944972896,311.12817738985825,258.04143396560835,307.4814085618887,151.9206546973503,315.5657189973785,255.92210138395592,108,6401.0,234.20565577337536,213.52167611444546,262.8645207331731,262.8405476634613,240.09673505626245,154.25084314312375,227.4909230442199,259.7409260909328
329.1212240770578,201.5648947067532,300.4590341583172,259.07147360017717,304.99203305029425,147.4675350935858,347.07849720112534,245.91264093473717,105,6506.0,230.27505980878672,210.19503827621082,256.73480947074586,262.53430783960744,236.15323580228366,155.34547500338843,227.88578650679452,261.68872914704565
338.16316538843614,185.91296593065368,301.5290640266884,260.51059410665385,298.87145024711947,147.96973523720303,370.1067297654696,213.46403047283349,110,6616.0,228.9464781581565,217.35440142214088,256.05093695440723,262.3576485304646,232.8357751173429,154.86850073329072,227.6335425338948,259.67950234633753
338.7075578502382,173.48436457406586,303.3529849267448,261.01513764187956,297.33894489804385,148.6597073714504,397.15746973174316,182.6095086908849,108,6724.0,227.4670070172621,216.52405660771817,256.2381347737199,261.17745233176015,230.21278765852955,156.5701162263592,227.3278565748301,258.5705008455867
358.4714060816272,153.12630351327914,303.52047098094016,261.43506087442313,303.05483466434225,147.97388361866362,401.22884573291407,146.62832660607168,117,6841.0,228.6371424343605,219.47431705176197,260.57441043600795,268.9280217398104,229.10260187852288,156.91377334323218,227.4917294934827,263.1562596114081
351.345601575128,139.01083650962318,304.3126542878088,257.03091332920934,301.1428053878663,146.54703445706082,405.9262101150634,129.1132597736617,115,6956.0,229.39931611483547,218.49181342803712,255.79583995222094,262.5711521135106,227.13871720615052,162.49150802232194,228.52787594580207,261.42704715932393
350.2342624816085,136.15330706287534,305.00060266145664,256.19483811999555,300.55680980732967,147.33418128668626,407.5950238053299,120.14093663768836,109,7065.0,229.96644280633495,218.7334373794841,257.023994486275,262.05915403535784,230.67489502600716,160.46343983280278,229.652529749377,262.75981285393874
348.1428280939158,137.60281735891974,304.29625129193784,257.52761134897685,299.4569232040122,147.1455362258857,402.33237350018646,123.79214027174005,109,7174.0,229.9963921261087,217.88800210715192,257.1079504078832,262.01580984312443,227.49243941167938,162.2872493105851,229.58356720699243,261.7166441785059
364.0237353904178,143.8950975085493,305.8393621065256,261.8727041224144,301.8736657666275,146.31922331569038,395.2796988651672,136.17571513423715,113,7287.0,230.49413949172126,216.20363140445588,258.5498141989468,264.8464835496136,232.57850383890087,157.73223564718114,228.717966459158,262.8324897603208
357.3875042740799,165.22000757400676,305.00133929265274,259.90271082976534,300.10819048084693,148.1310482636041,415.72874195695874,157.5781651832879,106,7393.0,229.54500314727704,215.4918471774173,258.492234176919,259.13390896074293,229.7476868161472,155.30873498882687,229.0880117239307,263.3990576258758
333.49563841478266,182.88247186518225,306.02275494239063,259.0273998979996,297.2382166531105,147.41899015216214,376.5470129362152,198.8573842710448,108,7501.0,229.55066225572983,215.62940230997432,258.78807260123745,264.31130568752087,232.17605550346073,157.55011697680925,228.67489377130562,263.12145002371904
333.27917690934805,193.8489699448555,302.14243436049406,256.54327507969316,298.9423797870505,147.84295200877344,374.05785355707053,220.42606367335202,109,7610.0,228.2818127943287,212.3467344236544,257.36056795803245,261.1489944186499,232.8030711206897,158.36536597526796,225.47640327433376,265.005799968896
327.1629519677605,203.9885236529693,304.3637631363198,264.2011157813021,303.61387945929005,152.36797156283015,334.9887303521842,253.89400794412742,110,7720.0,229.19048410511775,213.10037877636026,257.29371078450737,263.92527570079653,234.93881751751078,155.05377772864074,225.94211487302098,266.2806603917023
317.6038350477143,210.7804104950929,308.39376515355605,266.2851549467582,304.14343715030265,155.43305122131133,309.78142938183856,266.59056313945734,152,7872.0,231.2029307590556,212.02560424804688,256.58999658073606,262.98081150258565,236.53360786741547,154.57575923607442,228.0775510347807,262.0053804472248
305.7076710668104,216.00846524764637,300.5824567152271,257.06411178425964,305.141831456192,157.04350943242952,288.99594739514265,249.9282900718608,110,7982.0,234.48307431977366,211.32163499173745,259.3349758320209,263.5657300304264,240.36312032441563,153.89453114139653,237.5937508904333,259.2365229087368
304.33610101593587,217.75168978870977,301.36988956036555,261.15783854311474,305.412162153411,156.91605808896102,279.79052799133785,246.35544654737592,106,8088.0,234.85306878937337,211.6932254669081,259.32082118026767,265.2033176625751,238.89737157037467,155.4743908647965,235.6824430673129,254.419650963617
303.9951411482511,219.38454013702287,299.0438527074353,262.5522428899473,305.3323052606152,156.70562445481053,272.92273078736326,245.14583806550377,107,8195.0,234.5447117327379,211.72302490451582,255.29256886449357,265.92519060996926,238.30763920548745,155.49852120070273,235.55302587048763,252.81285608366287
306.8828212424362,216.41232174910684,300.569843322592,260.811950846499,305.54383133703584,156.81817485768602,276.20550099987565,242.34571097160148,109,8304.0,235.14874931355686,214.3814263394719,256.97310065717215,264.7080035226625,240.25497315100716,155.5762465398931,236.87698040463883,256.0762044288934
306.5858633511895,217.01628389731846,298.9719995959052,260.7423284130164,305.2528093980541,156.1892849525099,279.3718090107966,241.54738253121695,107,8411.0,234.6239101096237,214.401625772388,254.79268283995773,264.7869962644747,239.43522890935844,154.7509133009724,236.96071999142598,256.053785412337
306.55721730199355,216.0021557247936,298.82389787021305,260.6641265760537,304.2862104420953,155.2922579402177,278.04594085450515,241.5270503305456,111,8522.0,234.13836653732182,216.08608530933748,254.67063519303298,262.88718742832174,239.3557358799942,153.85280704158905,238.8067092693137,254.683843320799
306.3243123264465,214.40993230962246,298.6069292225319,261.2947620106761,303.3604208544015,154.30991013279166,281.9761694141661,238.4257234457973,106,8628.0,234.7781687769397,217.27847822196117,254.3873737851252,265.2174301418969,238.9098360178009,153.5675037967777,235.22762106331342,253.45379568079613
305.7925196478158,214.0643321407223,297.86453773235456,260.981408930334,302.22695671911265,154.51033161204055,274.8004668460917,237.58304324438564,111,8739.0,234.7425206839564,218.05749587741187,254.48123840817726,263.944246828344,238.468462794782,153.01067094361656,233.98605629999383,253.1528893738879
305.76347533208315,212.54747764071536,298.4597268344869,260.9200506787284,302.31584827210605,153.95765854370555,275.4558281936443,236.338800450661,109,8848.0,235.08238936608916,219.065310658085,255.36154749538917,263.4498783532411,238.4903982147298,152.6618550256478,233.54416338771347,251.99756065721616
305.3738330466678,212.08787151078738,298.0031968174942,259.52714424540557,301.7778002994446,154.68242183698882,281.9632775587492,237.44576464344175,112,8960.0,236.26415505649558,213.60595675974133,251.1586067341367,260.44771676385955,233.36962631589856,154.71945630273785,232.12510855191584,257.12502530461103
305.2963653483505,209.72180349546818,297.9063638135672,257.93371125896635,302.07396489555697,152.73303462941453,278.38979867788464,241.38261652501882,118,9078.0,235.6636949938868,213.9180640224036,250.58679960134486,259.2955076821758,233.94686671087536,154.19811357382778,233.6728099549797,254.345491619721
305.0026308257005,207.53315229857097,295.95716805293637,254.509017509922,302.628609330964,152.58313739002813,279.666307687127,237.83415512682282,111,9189.0,233.80022570056056,208.78905299719543,250.88151926703412,258.39415309267963,235.99849711046292,151.58562045928846,234.5593500516775,254.30261252189445
305.264777631279,208.64064552605788,297.89995431267613,252.9144303399897,302.26304274338946,147.8296121074636,279.1783405172414,232.22710534771144,108,9297.0,232.4175529581166,208.4245036929528,251.21535647769193,256.5012009372915,236.28681456062458,149.08443284628657,236.63862759617973,249.34762357392768
306.4673304874005,200.55680176541475,295.74205231603327,252.01336735083962,300.8163363105106,149.9284129295485,273.46756750455904,231.4030190464441,107,9404.0,233.31758291715028,210.55566930261799,248.86099251258912,254.76847421232068,235.70117090361825,149.7865029331628,238.74207514350547,244.43574087475545
305.0184416834176,201.7577492384724,298.3322070701053,251.0234599266188,301.81577647080155,147.5021546930605,281.71336206896547,229.20862462596958,108,9512.0,233.5981034094206,208.19754984030945,250.19982375896262,253.07020194165645,236.44200980188992,149.6503418620371,240.97072125746018,246.24446344545302
305.61669468563497,207.46697368146687,297.16759871424665,248.69208176365106,302.8512791803092,148.06227741716594,277.8666286316728,227.97937603607718,144,9656.0,232.76870768013302,203.96753158433586,251.00736501678546,254.0582123345752,237.1545750139879,149.40568102636368,239.01499295424404,243.88885694890686
305.27577043528265,207.34049732574792,298.5825143505471,250.16395243037212,302.9016275178216,147.99297427791717,282.81096845469995,228.4838096102786,109,9765.0,233.00390734280444,203.18877467905497,251.0370132082021,253.07988339895883,236.95265954622226,148.05398065424475,240.02806483908742,243.7120200730728
305.73629283146136,207.32850098525083,298.7283487092279,251.15028245593302,304.46716146696787,147.53931011593642,277.1757657078913,228.37877035989456,108,9873.0,234.52420222031972,205.49088992257984,251.80234307003278,252.72782240898158,237.02815614897634,148.37820195642655,240.34202514972236,244.94573002608226
306.2765527214233,202.99929880162574,298.2445252921917,251.02620569412395,303.51488513086457,147.24909364965038,281.79618208098475,228.33045470756997,106,9979.0,234.96294947454723,205.52543962553304,252.69343854261646,253.58827312645963,236.9407835942681,147.46654686978704,239.84835111177887,243.8604542199403
308.32380785549987,199.5910886173995,297.88380589978453,247.8206821862489,302.08476504217094,148.00929086488335,291.7199310383683,236.4481660564599,116,10095.0,231.41338297795872,201.58894827357392,254.6557817534996,249.5723661918233,236.7580294419347,148.96838476649384,235.86327671688497,247.79892151041813
311.4682775846527,199.56662391852655,297.8202151999233,254.3002919370169,301.824295489162,147.68315949898175,299.58867080647997,250.6268549474533,185,10280.0,229.77552257102744,203.52821051438085,254.97400298991317,252.92488885519768,232.39201310458802,150.66135121410002,228.98643210332654,252.9403974322662
325.37298561723543,192.14492930212052,298.2085720234272,253.10734596116689,298.44666498725553,147.04824617324775,346.83623943784187,238.65737792860145,126,10406.0,227.34315745710376,207.86420706752358,253.06632611100173,253.20798880689082,230.60502029540368,149.85610174538823,225.5717609921564,254.38222593259982
339.3653501313308,175.87770109074822,298.8536124393858,253.5165903491906,296.098470106049,141.98714178227868,388.1964621303569,194.47549059721925,111,10517.0,222.02954684391582,207.67563877580852,254.35792877440116,256.7695595955085,227.0952624414581,148.41038612284268,224.7687342312355,254.62741580297939
351.1069033190174,168.49587681454696,298.97643881071787,255.2434019855757,295.79444298377405,145.05325344533682,409.5979343485137,170.25837202513347,109,10626.0,223.6729645665824,203.80301696125724,255.9610349619737,257.65835907959854,225.53626265386688,153.08629969260872,226.55626494308999,253.5547993615853
352.0409419618803,140.04521868831324,298.1978074941458,252.58009017998643,296.63502032940204,141.4354416653779,399.91075713058996,127.44807314618204,450,11076.0,219.20746274588916,212.5992762066716,252.23018211142136,256.70185455648084,221.8220143609085,155.69016534662757,221.82349531340665,259.11571092028635
352.4853936557112,149.7930908203125,295.5072539554667,254.03358758132234,296.3328368088295,143.33938137068017,401.0802753155048,146.32013599219272,113,11189.0,217.3343793783011,212.0302849223181,250.55259320084548,257.0483539622025,221.010871705073,152.58139532231775,220.98689193118477,258.15880890842857
335.91903646049195,170.33975865917273,292.9267021199436,257.6449312094692,291.5649486916135,141.5802859920624,396.76795048802217,174.2719781271504,116,11305.0,217.03085884175186,208.9500196463697,250.57625444245272,256.82604046478815,221.22205172672832,151.6713990180942,220.432076289736,258.25762629933206
321.3659008238613,179.1614502604746,291.4625929774277,257.8630238325995,286.248156297112,144.11671295709033,362.7980571716471,199.27773472253116,111,11416.0,217.93668509162075,209.08610007941087,247.67226484789455,257.7191390176685,220.36006370969415,151.89433766429536,217.9067628895889,258.07833535815473
322.00747947794065,189.2814056559389,290.569429271101,257.1939443948006,291.7196129108297,146.6007096911665,363.9778618850507,225.17964576911248,114,11530.0,217.39174787182392,207.66796125635983,246.11808635195626,257.20703668017404,221.9426486473185,150.16274506511215,217.1880287706694,257.29583550178285
316.2665005387932,199.9112201840004,289.51060327990297,256.5043372700647,293.30468539533945,147.13429047119575,339.7768282700597,241.08108792016515,110,11640.0,219.51763709596997,206.87742864534098,245.1383433860556,257.7167834081684,223.46942122482182,149.2364199560308,218.5514732381077,256.1575185701092
312.30094859075166,204.81163149202422,289.65301675568844,259.76648704012945,295.72677005191065,150.0024622615122,304.9365687686505,259.93249153327264,157,11797.0,219.122189792461,202.5285760193957,244.1908782736376,255.26431046346752,226.09471166797908,148.32058869222732,213.91611134658126,252.01844551385085
299.4925266741442,208.36644915923532,288.8691282398821,254.68606046086103,296.61023693944793,150.11189847654296,277.670008004186,247.4898087511708,120,11917.0,224.81458507102744,210.84138103227176,245.7032000797181,251.59556595880366,228.22406313463608,146.74516182353062,225.6225051677512,255.40411572439393
297.7134417222729,204.83265402902492,289.4742234126326,252.2869340889819,297.33530221630474,147.96107397384915,272.01521086756054,240.69940261569312,111,12028.0,230.12549281436503,207.1946266961692,245.27973994652217,253.41727518102033,230.7762441458057,146.70049769174162,234.9487320877197,250.6407397667284
296.99407845656503,204.64305079280268,290.14760227355146,253.3758911458623,296.79214032322415,148.40933497690222,271.11564170776694,237.30193888165348,119,12147.0,232.6784655016993,208.8336776244683,244.59979685927573,252.98296863922442,230.87919118866046,146.81698673560527,234.68046233888012,244.30257145620322
300.61285287062753,202.38059576720107,292.99679703042113,253.04480786849598,297.74134790233336,147.99429421747283,269.62445084549074,233.61035954485584,119,12266.0,232.17991188919518,208.5836625014336,245.01807761761486,253.52939103421792,230.3735562028556,145.81142167603844,235.50297339968085,243.47718588398018
305.2381981968564,198.6830919747675,294.2553055254787,252.4604143027309,298.07452700182364,149.6783037287485,273.56683624834216,232.1895783991152,159,12425.0,231.48786064168186,207.9491224322879,247.20472259926228,251.2567149532223,233.21471358483916,148.83948356655569,237.0318117824726,243.74057796926257
304.43724695504187,202.6475269684164,296.34290700249716,252.4247779710437,298.3557792683811,147.91421041794095,276.85722209414376,229.4772642956934,116,12541.0,230.6108226826716,209.4793007467141,248.90139794792358,253.22437544310228,233.4070860359334,147.66732592599672,237.39850031602288,243.54140821300788
304.2324683394293,203.5278659698378,295.43629613415953,252.97373517128074,298.96739848412636,148.06706845972462,273.6207592708679,233.15969686066975,115,12656.0,230.51189392251743,208.70224243381267,248.69464418932358,252.06973907362098,233.3587355069836,147.73452840241674,234.94393831855103,242.64004649640827
305.2967870899474,202.39056597400815,293.89305863519564,252.48135576893003,298.82752274328584,147.18940680561542,280.8202509791529,229.91082839694312,112,12768.0,229.85695674501616,205.9979578269334,248.93470743923044,251.11724038989516,233.53453294668026,147.50273626470056,233.60176389982598,244.9802251048784
305.2512899950265,203.59477521685943,293.05893065758664,252.20783545877583,297.9305439349511,147.02770545389302,281.31708362690654,228.54084924446727,118,12886.0,228.96872603924905,205.12213130014226,249.22714638140855,251.5617908192699,233.3763604202068,147.15820719763053,234.61830037974556,243.8854703529874
304.63451840833267,204.61858158858226,294.4075599083534,252.69374589478844,298.8941109654758,147.82504098695367,278.58582352453584,228.42035558300088,113,12999.0,229.27850778918685,205.2784081370805,249.21396311145247,251.9850397619064,233.52157714196164,147.7663478647687,233.23268414808518,244.21291168049987
301.5474970081441,203.4938407707893,293.6155704731018,252.36944965620484,297.00452081088366,148.22219006955837,271.78687624336874,227.5997608497049,448,13447.0,229.9174398326115,207.3094249874672,248.1629417682516,252.7214707344028,231.24343750647586,148.36461647549558,235.98154568861904,243.61730799556202
302.21552517433065,201.81276497891793,293.59592265728617,254.0144213747724,297.5326805215932,149.05211397761553,276.09292108753317,229.20244481639932,144,13591.0,229.7210903825431,208.31667367249625,247.16904192451457,252.79201684049016,230.7470201244405,148.75625691804174,235.35344374274703,247.0954240683559
302.7791459870276,201.9351410102165,293.29000214999166,253.01729358388013,296.5110548105417,148.56066965123512,276.4571827855604,234.19827715782085,120,13711.0,230.00690976251656,207.8272900971654,246.2787075700431,251.78593537137178,229.73880191064325,148.4180925579682,233.91702100516002,247.20247560548611
302.9127619816707,203.04935733618686,291.19869808935675,254.08940053919457,296.12864689106016,149.67002325634942,275.3593108888014,233.65224654988464,122,13833.0,229.09501781514217,207.7223508298609,245.54620424063202,253.21908428151414,230.5751244016288,146.68275405503678,232.9669917989473,248.14992198740458
299.10830065173246,206.6106112741491,292.2327340123508,253.1802444186499,296.1293738084384,151.28123653316837,270.4045254735163,233.094193078445,128,13961.0,229.26291953979816,208.30532874925282,245.86726697117328,253.80051582309275,230.54453720780842,147.41438991234395,232.88663423978366,249.7351683755786
299.1880616205757,206.53215958130318,292.7341094889755,254.6972243556773,296.94182216330614,150.57850090210124,274.30856719889755,237.4853929675771,120,14081.0,227.47683011568512,206.82480455717584,246.558313749197,254.1927883378976,230.46855086673162,147.84780149358025,230.95616348226127,251.0604825817393
301.05769149820753,205.20743183393918,291.24730765345237,256.7549339647395,297.8852362594807,151.03477416937886,275.9973257859126,239.3615174208672,115,14196.0,226.6287636187728,208.9586108604784,248.0753219159276,254.67137618421242,230.79011871580738,148.30348954930426,231.45196970324932,252.4151905915067
306.35612588978574,207.7978895737183,291.7932306992913,254.21191992708802,297.5954690219869,151.68981922054633,278.78818623267057,253.55835232446202,115,14311.0,224.0698857395972,207.44707827042012,249.7345334971299,257.52537791839273,231.08307856147425,149.60053664509513,225.33006136866402,250.39311690686858
319.2492376271863,202.50228556025496,294.4903119236468,258.61672296218603,296.3585956280048,148.91062957112052,335.910864711124,244.8041032811501,117,14428.0,222.5675304625332,208.93112834238076,249.0463819427895,260.3299411760106,229.02741692742873,153.30865350906538,222.98267111537945,259.2669138450215
327.34432999588137,191.0375996162034,293.8019511174776,258.99652034786675,295.06544037269975,147.8541639606299,368.72018505470817,222.50889734017045,115,14543.0,222.38093611416198,209.022851312712,252.17188018070289,262.3850247529054,225.79424385050564,153.89131172696042,224.71311857592843,257.4102576856511
343.5010397023168,174.07156947668759,294.7239575778142,259.0282906841129,291.8763421258496,146.86776836571744,396.13225152701216,196.96103676358155,123,14666.0,222.43697513003562,208.73006012940326,256.463398010092,265.4796228374875,224.91608070758042,154.21257385579716,225.2918083534949,256.0415235363292
358.8861262071038,170.63047280090984,298.1521258366835,259.4353455241465,297.76863482649827,147.5160309598115,411.1651036593895,169.3478320247338,124,14790.0,222.51233816779262,209.25221453357847,254.51846337761108,262.91534478129864,225.4424045066935,154.77918590939342,225.2640163107956,257.35474732422745
354.22554157773135,145.87011642727563,299.03467110044437,260.24683426283434,301.95339840350164,147.54558278148286,393.8500814665533,140.94827971000262,122,14912.0,222.50441978717674,210.07435727373985,252.3053788000456,260.60658519378336,226.3783438199395,155.57497710095606,225.3560231661607,257.9684499828841
352.00443257703705,137.37650535284837,300.6041893592248,256.0340050531028,301.1538360352858,145.7784464011413,405.57058238224266,124.55242092499105,117,15029.0,221.458419678382,215.3475359580695,253.19613186054585,262.2976863766056,225.6118151110743,156.41164080528182,225.33370607411518,259.2677219058271
348.7429550535166,136.50646603404414,301.2830484324488,255.45965663054662,300.88151056507223,145.4182613277775,403.958572671015,122.69869089975052,117,15146.0,222.36446350259558,216.441402163794,253.6633066030649,261.3230032598421,226.10864452088865,156.5865207821449,225.62479196239846,258.7095188670312
356.3755324791218,139.91269040362266,300.2562032643933,254.69775216859432,299.09987586246564,144.55536133029707,412.4198917621643,127.8443543512202,117,15263.0,222.85396828891743,213.24301370098075,257.6261590203809,264.151435390486,225.73560476935512,160.07862919165996,225.74334384908096,257.0660065756149
359.4669368349272,151.18441625846242,299.5391376201923,256.38110720814336,300.32312802990174,145.01845403922408,400.8359776504476,147.55294080306626,117,15380.0,222.12384696980686,213.38538309009047,257.3746528929045,263.98703225566817,225.076243757253,159.4438812147256,226.86403229002613,256.5183179997889
328.7590646111365,194.10076745464283,294.17437647002447,258.6867669129287,298.2724709346377,148.21392262957696,370.7675664684185,229.88330800338147,406,15786.0,223.30155633172558,209.53597140057656,252.90192945566358,262.8286474370448,230.19021760247432,149.61470033774597,226.11759580414872,252.3884256709089
324.48488736342375,199.77421852193268,294.6190969128192,257.84789665738043,299.67188281152863,147.30737258531022,341.5891709062085,244.175920588266,125,15911.0,223.48860237263244,209.78047625450054,252.04061088258456,262.8097821978912,231.79876676604985,149.297117626964,226.55965425607695,253.17719116753955
313.30940469190364,204.0895877105061,294.85276927998586,255.55503682309623,300.9450978246228,150.22920703548553,315.4582894322727,249.7912277275981,122,16033.0,225.6179947182734,207.1385561444157,253.01549248733318,254.11115001529137,232.8969745990136,149.41355464297257,221.32095660707995,255.48053700728767
306.7715676709891,209.3374982677745,294.47378143391495,253.1381545966206,300.83033716014586,153.84221535136268,279.5610123287778,249.63210394373996,121,16154.0,229.91899242451717,210.5825555876057,249.79522705078125,255.4770581662867,235.01507341703623,150.81094794426104,236.506902962844,254.1763516083306
304.44494272732925,207.2102686518876,297.5499427856122,259.40781779984985,301.839489519438,153.83402529136146,275.2987031405421,240.15562661601987,130,16284.0,235.27235602826596,211.7570256677811,251.08705313199403,260.417123163298,235.88453621699887,151.92088205194983,240.75234167771885,253.6205397636441
307.04259371567787,203.1218448652492,299.100341796875,259.45800889853484,302.4992779395308,153.00055778747773,275.5221938075058,237.95274727709355,140,16424.0,238.2196579181864,212.70528392859626,252.19133129170467,258.9015735341136,236.44034631056243,154.33429867347363,234.55790512125438,252.8603710568248
305.89984924154516,207.57870609649987,296.8708837696349,258.2737307022475,303.5134766272588,152.11127732572183,279.8901593843253,239.37862084005226,115,16539.0,237.8608076262537,212.44555069458443,251.4346374187925,260.71239050597063,237.20613595977704,152.33893533618425,239.71310886211043,253.3525614891188
306.0004763008745,208.01891611988438,297.285123061122,258.50435745673667,303.8772170170549,152.5836397490043,277.9583222164084,238.44060891039433,120,16659.0,236.82700321592134,210.91043981368855,251.2577532457104,260.4634827311777,237.25552505776488,150.96429683983962,234.90161318994012,249.41932732524398
305.2001516003192,209.68309232772882,298.6510817631486,257.8569177376418,304.53380149618704,152.04485027815525,281.71927454617037,240.55973582420486,118,16777.0,235.70281456256737,210.0207655285601,251.3837224418984,259.95918518283617,237.17511488208717,149.89024428710394,234.09810498791603,254.6129152019677
306.03563870295915,208.76467585987893,297.8113529599946,257.2309440395586,304.20047183251825,152.14038563792818,282.22409680920515,238.80033866366455,117,16894.0,234.84983975438286,209.435874694607,252.9720191044896,259.76790675913315,235.158246189593,149.23244007965852,239.4988220376741,252.1079028798168
306.13161122451095,208.27814760581452,297.5783435609044,255.43344273685986,303.57060520971487,152.37123149994002,282.74667431252067,239.1968520086431,118,17012.0,235.37988880268776,209.22065979221114,251.45047660847874,258.95433527719086,234.7313854106225,149.98813759813953,233.45339099671543,253.9704381868084
306.53109036959137,207.04091299471057,297.7907596658965,256.37447309663713,303.25563466201095,151.2166540817858,284.3396870337368,239.5300901148243,119,17131.0,235.078601381823,209.86064109938,252.53796524331173,259.16670829800097,234.27905985784156,149.2449701383869,234.2434148004264,250.4973762485056
306.1532908472521,207.5195920679493,299.0314190204327,254.7572504498356,303.61055490508954,151.11529262040438,282.29847551340765,237.5194654091397,118,17249.0,236.06752673890296,209.533482616058,253.1491728360204,258.78334995690614,236.58556060386277,150.425921860963,234.75188197128338,254.19196403747776
306.0605287425398,205.81415451294163,297.4749861092403,255.04563586143414,302.87470243337617,150.57696913485,280.6401049869446,236.03346637983762,114,17363.0,233.54681465290588,209.1691182092416,251.5821579343761,255.99920849783143,235.77348461201717,150.2194778265902,234.80064533749692,251.6438921999677
305.6298990021966,207.2390647969636,296.8673697959839,254.61380873710658,302.8264911358173,150.85119810817082,280.31789764485245,234.2262514460554,113,17476.0,232.93087359764846,208.5393738661797,251.80417210100813,258.00657224824846,235.94815362985955,151.12493207870432,238.95652062696868,246.76718313074622
305.89499071359006,205.87781634619228,297.15995970708315,254.24279698273463,303.10567921605605,149.69740884584039,280.3705060640128,228.66323016292262,118,17594.0,235.39790793502357,208.41567504448398,251.18042073135982,257.657467988038,236.8730337613457,150.2087290091871,232.83573869052555,251.73352672536183
305.7354898225091,207.07454314859737,296.01081827907416,253.96692676476314,303.7709235639092,151.11032462204903,280.07191463237734,230.72797758299262,114,17708.0,233.07634490238263,206.43753730529568,250.59852984602955,257.029373874868,236.6687375986924,150.74467321307634,233.45715307746707,249.96911208400525
305.1872905053258,207.20174056355216,296.5564175309806,254.0709486720401,302.7647517277645,150.80471228874453,278.0662152115799,239.9913725394796,115,17823.0,234.02461752651226,207.8206677962877,251.17980147546425,257.0444442368912,236.460750994695,151.12498186661256,238.7464609323193,247.1422613557972
306.52359292108747,202.18905282614492,296.30233886071164,254.7662464834193,301.7249182744115,151.78162079264686,278.72018829264755,236.07909450327372,111,17934.0,233.8548768546917,209.18654173718656,249.9617162244073,258.77423378072183,236.19242781985665,150.2974601996751,239.49012978955986,250.200534019606
305.54363948913084,204.90155346877208,294.4561136179957,256.29483749009535,301.88005928019317,152.70244713779869,278.3475921388014,240.99075616042384,115,18049.0,233.4348562225423,208.42208455041637,249.0845527952483,257.99580421312,235.93516544574769,150.56687407646317,237.2491244612069,250.46259964912392
306.5387626668186,205.32731078273463,294.6225809355313,258.6848362824247,301.6237035290948,152.90077202684938,286.69569020562216,242.13522724409543,114,18163.0,231.9288501688909,210.60292932910846,248.41532578202708,258.5600183018586,234.7413760724055,150.54437381092762,240.43666040233342,254.13526976235818
312.33255143507085,210.1807767386114,294.48672023945215,258.14932120652384,300.53162430578584,153.9654788088544,285.6879366361178,252.99391749914852,111,18274.0,228.12882238737157,207.99269163735818,249.75279790336955,258.47191590007094,234.2902396528411,150.34880884177318,226.1767019580467,255.86453882400681
317.23179500994695,201.66685280850774,296.9076343809578,261.4413154167637,299.2576732686091,149.74640890372606,321.0250919250974,255.9191031133577,112,18386.0,224.9880511944111,207.38890420499646,249.31755976588408,259.57889760516287,232.44957557091348,149.76612644263437,220.70491760415808,255.97635208075585
325.3389355990868,198.46868711858457,294.244887455705,258.4647024568714,298.68888956166074,147.74234805667103,352.6097062411928,244.2521423122637,111,18497.0,223.45089980714837,209.05932497723668,250.99780297722046,259.8505225130672,230.02604598391915,148.6925573111429,223.4540600359282,254.2565188967885
337.37728290912014,184.175936064262,295.17984324488145,253.66672013578042,293.50428330803425,146.91744061127253,372.8963444150728,215.72564528930232,118,18615.0,221.73669627870115,204.84150842415482,250.4189472552636,261.5830733003989,225.05589007066482,155.98908828246638,221.58296013384347,254.411134278647
337.58239543722544,174.48546236520139,296.792897191541,253.4139677977647,294.4295447068758,145.94842741073663,390.6534624985106,187.45261250017376,133,18748.0,221.02221744446288,209.99830822927674,254.4521115249917,262.42479561910943,226.41754069442143,151.82754591266456,221.77985679565757,255.08450016008155
349.5689736120897,157.21352750296268,295.3184181435988,261.71195108271155,300.8064031221506,145.10884729568645,393.7502039901774,163.196284881266,127,18875.0,222.8906654742416,209.21274015487725,252.3709211678341,260.39840698242193,226.57122462750743,153.3448347587178,225.55330676172397,254.40637296629123
350.68818595744574,159.64540637684888,297.5450524853775,254.6251844087105,302.38660169849345,148.2020044835861,416.06545364825104,143.8832160162332,110,18985.0,222.22850364462448,209.9808895884884,252.9597056259844,260.0032526742521,225.75141077016326,154.76656686368787,225.42931716068986,254.03247819676517
361.9397425967756,139.75200069332462,299.25536158230324,257.3631976253197,301.0533643970439,144.84664564030874,407.4663820949727,131.62666375102523,110,19095.0,221.73070690043727,214.9037579030753,256.1649085735453,264.11802678770016,225.4669157073732,157.06146810402652,225.67088888557905,258.62365081216944
360.4309778188205,141.9470947917246,298.6506578207649,259.31367650150827,299.5927569847208,144.78229278347246,403.6984714336042,129.4262068127398,107,19202.0,221.93394668538627,210.4807096868223,250.70833808231103,260.8819536636733,223.9615896209798,159.43737478018656,226.18089427998592,256.4614475833988
353.77647313894585,149.05563354492188,297.8386220754932,259.83948894242803,301.7360549643438,144.98524540259746,416.48989325809225,143.7354161815711,107,19309.0,221.33832653258145,214.57761798464955,252.65261136568512,260.0051896173335,223.43193722024205,157.93363089239045,224.6142582172424,256.751390368913
352.41125941592765,158.33920217493676,296.024452432081,259.3813391851785,299.229495202831,146.70372484417572,408.50172128854445,153.3556500363605,107,19416.0,221.77491084334076,214.71804269267997,252.45144507613045,260.06196045790705,223.3882201824644,157.53835684888304,223.47442707901607,258.5793306140289
336.8777747116291,172.31523249072958,294.0388249971506,259.64611089950785,290.41442061608916,146.96449883892018,385.62280629610825,177.6872280568839,115,19531.0,221.23985229815983,216.3134733043956,253.1737204635175,264.95488720008063,226.82579789300812,153.76752208560387,221.2689213031799,261.65388148026113
334.4608960543767,176.59870188431384,293.3529962595325,259.0024953550291,290.72686759483275,148.5466135778461,382.2657820400572,192.1814616125249,114,19645.0,220.73972585662926,218.8111719966359,252.76324527649413,264.22335152948455,227.40571282586623,154.91041543220712,221.73588315118846,260.73171299971716
326.3940585007402,190.1985450486696,292.15983828435844,260.2637371558736,290.5834046219641,149.90575640227024,367.7522030939158,217.0301867379837,106,19751.0,221.55621920719705,218.04299161103276,251.4807468889879,264.74838935607687,228.8985080870773,155.40608796360658,221.45968935533924,258.85483551704164
328.91088511014175,192.29587595657947,292.17041663212865,260.172890157462,294.6964334745938,152.07778604853618,352.0620638495731,242.23828760330363,107,19858.0,221.49028950091702,216.2207663865276,250.59645513640788,264.64201631919343,230.08642221951675,154.85500077760094,221.61877336173225,259.9866288582201
317.4049535290948,203.77114740554973,299.80746403297,263.1146365128378,295.16136756310095,151.39525237032527,326.3326289735991,253.93094100137625,110,19968.0,222.95361020520764,214.11815480405326,251.45339358706693,265.05542171383246,229.84289194607925,154.88528160013763,222.25738403967898,259.39499904252455
312.81009016365834,206.39839525324595,293.8689958891122,265.4711542095578,297.15089428646183,152.85839386257837,309.80900994662585,250.10139926896827,105,20073.0,224.57058124896386,213.6333618978589,248.07939726730874,265.64784121258833,230.1657760174901,154.76069494498586,224.0432030958586,263.25504615213526
306.8994816544834,210.4414682625876,292.39783653846155,256.4547371100701,299.2073589294596,155.83153449767852,275.3577016329576,252.51715663489074,108,20181.0,226.30275979282368,213.18216615724398,251.16157673398132,262.0588999032126,227.61553736517223,156.90990352970002,228.22866586538458,258.30702730769366
302.7555082204804,210.56470524798084,291.76594053718713,257.573889464246,297.35996883807195,154.483255135207,276.6727485960295,250.1631912557256,113,20294.0,229.46386362576675,214.14280643666768,251.5148456280048,259.2110413249277,232.30829618337617,154.5459492096273,233.8260009118037,257.5630489362941
299.5039404102599,211.38064944447152,293.17801478054537,258.0316629104343,298.12131846298905,155.3291742996813,273.8049186888677,245.4217591404491,106,20400.0,231.8032715491338,215.12883793841053,252.26315688075059,262.65104083404,233.2266065359748,155.23746965618744,235.8601407726501,255.43032554545013
305.499382524971,208.93471795893225,295.49875031731807,260.4996118511594,298.4564387071038,154.7274630943651,278.22861405835545,250.02295388869967,112,20512.0,232.3082184728324,215.07848352724125,253.25796112141498,260.97786166914,233.8939434021158,154.89816007240807,237.46235895536307,255.63224493820897
306.83414732429645,208.33033958788025,295.92882717952165,261.207558031184,299.41668037394317,154.3537862105726,283.7912400141951,240.17576170137343,110,20622.0,232.72481660311672,216.27128736828567,252.17445353298044,260.9393728670277,235.0212303586601,155.11705459649028,240.5157729738271,255.47029393423492
306.6938708884647,209.87593586334557,295.87058798387767,260.11760643792746,300.1125815313122,155.21331366270888,277.931358276691,241.53430612910262,108,20730.0,233.43687831564992,216.70073770543442,252.45234077109586,260.6149650383675,231.4543058764713,155.10329969412916,233.1626232359707,253.5726154911136
306.15916649289727,209.1199668531316,295.5178209704493,260.2366453557676,300.4621591745068,155.07837723158434,278.6319398753523,239.62872800453704,109,20839.0,233.28601300874504,215.0560343732189,252.35348891200059,260.5248491280444,231.3291514267656,155.18046423209518,232.18274286002003,257.2019719568436
305.91000180029425,210.7620995409548,296.25987085802797,260.50140706669816,300.5583874932651,154.79400865548018,278.85042306915204,238.377150403223,110,20949.0,233.4928218123135,215.2157600918699,252.98155362157038,260.2618891488615,231.56770498746272,154.9591497509505,232.78774352541652,257.9008369853064
305.8545375186505,210.648934578132,297.8367092628378,261.53081982161234,300.8527323674776,154.98535753569146,280.3965633807195,239.85022168142518,126,21075.0,233.1589870301103,215.06020352509526,253.24092470366384,260.9621991466373,231.8410388734044,154.79290171450143,233.93070291777192,252.18547997525582
306.23682968180117,208.56453213403236,297.4398585150033,261.6373492475082,300.93001874119284,154.83248931233146,282.868877380533,239.0740373550361,119,21194.0,233.48433517334632,215.9970533296307,252.01463168116402,261.02200816958833,231.84378950285972,154.83106877880164,232.144638992431,252.67860141088954
305.66755987921186,207.79840313242852,296.31286378248296,261.0436664187611,300.66871056189905,154.31153470511111,284.46877557972067,238.8214780597076,106,21300.0,234.217424063847,215.7047771304528,253.83217809054835,260.27643332701984,231.68458164528764,154.14602992373432,230.32172671047385,252.29370442997944
305.66802573773214,210.34886071690465,297.45903440116257,261.142167875351,301.6227710025697,153.69963113099232,283.11252421978617,237.5967150650839,109,21409.0,233.68481380553715,215.27564730932704,252.28960477388824,260.0541638140152,235.72747187525903,154.73795622693262,231.0756525247104,251.40653888525912
305.4636032954451,209.8854238706976,297.8049102702255,259.3750005430174,301.9381883859002,152.92098388128858,278.9326359675481,240.10790027333329,109,21518.0,234.6380145733173,215.43102081135925,251.4738885287581,259.25150372379613,235.72483943058896,154.623821978043,233.16676091768383,252.44875028888526
305.6769754020225,208.78118100963883,298.5142820646656,258.6067004220766,302.42695532679875,152.97829088367178,282.44403869467016,237.0099610026621,113,21631.0,233.6384044212119,213.43629341532755,252.09906621067847,260.0178212881937,235.7081688999814,153.61270795937534,233.84293209652688,255.5201946543629
305.31841085823527,211.25241737772987,298.6174250028494,258.28753651249025,302.9577474821784,152.3540871508181,280.03823034959385,241.65647649255936,107,21738.0,233.4128932801103,212.54336917103402,251.88308311077895,259.49440192497497,235.6257406786203,152.22792438765018,234.50033375059581,255.10471791983502
305.3557313468792,211.02289410248343,298.25257885677433,256.6834723313084,302.6567211201716,153.1490915101618,286.07368610898135,245.51498032973754,107,21845.0,232.93414614244858,211.45498309695424,252.1736476908312,259.17336460534364,235.41995749233257,151.78542778585302,240.87687606204412,253.5872260531497
305.7577506553589,209.79318082544728,299.2903829316561,256.2850648058691,303.1170832383538,152.55640484684304,281.731632141599,238.03018386677917,106,21951.0,235.6511621449924,211.83866358312423,251.61290823938992,260.2566436007354,236.162224321846,151.25666492774394,234.42101799840952,255.263916232832
305.0436263754766,211.73621656207428,298.1229422895599,252.7380577440364,303.149303972563,152.27415607493117,284.23992936111574,246.9408694705081,110,22061.0,235.4251491232956,209.504606036529,251.99386920473617,260.015591115714,236.27179780752655,151.15741018722915,234.37667360988792,251.7202609459276
306.5964562696867,210.84983744230985,299.39911293414286,253.35317971443368,301.72857066996846,152.86461317666485,281.68880715610493,250.89001163469086,114,22175.0,230.66112146453452,209.3843282244808,256.29531657980357,256.47829972128,236.0882673592403,152.9337631850056,239.196787057568,255.7219148954887
315.22681522116414,206.8252777968437,305.3229990182568,258.3677999150286,301.5614393725004,151.20379800898326,316.9996355699291,254.3827961008744,107,22282.0,229.6557876222646,210.37261718532798,256.2534967720983,260.1523419037408,234.3510853896407,154.8998766861776,227.50331807832188,257.80197245370454
324.10334356899915,202.6253327610654,300.1544399919181,257.47726813754156,300.60011542444204,148.0125269771046,338.6772548361862,249.74678718322536,111,22393.0,229.30429311899042,212.54794151333303,255.67828474373653,262.073704729725,230.0216261967424,155.15177173546624,225.94452430462016,262.76198580595945
337.78399965807364,188.73166080895686,299.86892012133205,257.41195088179506,300.513821508271,147.59828404599662,378.47520580342336,221.27371716753868,107,22500.0,227.71347976805995,214.23954892413047,257.23462152860526,260.6208231101257,232.65695344231807,153.9602890557666,226.28692343633438,263.0463466440656
341.8975797698732,174.46515826568057,301.9296483209342,255.52979506631763,299.2078044496733,147.84753168180745,393.6403633745026,190.23210057160182,116,22616.0,225.86339206847336,208.06232221610185,257.80654674499675,259.59851953906946,232.60335826114888,154.57753693930198,229.775998548108,259.72019514155136
347.53230492063165,169.94058629371943,303.03106252331315,256.75819288369183,299.90614913819013,144.9412438877961,402.57040089574366,175.87474151014007,113,22729.0,227.82929033436255,214.03813494482074,257.1986269761144,260.28116246559443,231.197693164532,154.36460922621325,227.2986418625404,261.30242344323426
348.2209854733091,165.47718523235932,302.98493564919386,261.0866119004654,304.76920575614946,146.75731129493582,400.36614294077424,153.17647180523312,110,22839.0,227.1675178669492,213.96379355434,257.262487790945,259.7996178895129,231.59546981123464,154.50311491073663,231.30372712719662,259.51629407041014
355.7307478603697,145.14258659607148,302.5015133318914,260.35799788410554,303.42152360263486,144.7019263433816,409.8597306471605,138.8546415580125,109,22948.0,227.90180641396927,213.03643766247083,257.82813196156957,259.8019800152219,229.22938339273875,158.17547265320908,227.8048509754616,260.3523553054104
357.13531736986084,139.20328377828906,306.3406533967279,259.7811664296214,301.61453914895304,142.14901092637902,413.7606224646936,133.0074133822078,110,23058.0,229.16919171968254,213.3377504179062,257.79259279488883,260.9253841956739,228.7257737379808,159.8066312307989,228.15884516789365,261.09302832986964
362.4207514350548,142.7283483213377,303.32113696030035,260.59288853003886,303.9829037613198,144.41576051542344,406.20098903261385,136.29562712224777,109,23167.0,227.91059418129356,213.62526754467515,257.6403895107441,260.60480626876665,229.19036946182857,160.38527546404094,228.07641735127498,261.8508862261246
354.29358363467765,149.25980102973475,303.1375385152882,261.19486954712784,302.05078995196203,146.41122933384364,418.4641919528142,149.2064683038569,115,23282.0,227.10588450140915,213.7200665728477,256.96886684913534,262.098490759147,232.9947134164664,156.49261447458503,230.40206241354701,258.9484592349504
359.1269123269645,164.78471749193727,303.5478036409981,257.3934301871846,300.31032076564964,147.31159468138347,399.5826482393381,165.9879987859217,127,23409.0,226.99984603598517,211.16564306075887,257.4873424398488,261.5132244286588,232.41561606328747,156.39998982385384,230.1927887286685,258.79452199698346
342.6752874642532,176.20723412130226,306.5098753911431,259.5551737177839,299.2336730552289,148.49839261418137,405.7651922494094,193.50283687225013,125,23534.0,227.74953482954197,211.07284898859749,259.89797576985245,263.229371474731,230.78912143049567,155.07134298412825,228.47617617336445,260.5783752020568
336.54737943047235,183.68200498967832,302.7451880983712,257.68554225935213,299.44512607564343,147.31001164989542,374.01287777038084,210.02204677812568,108,23642.0,228.2466795336979,209.32598453399552,258.7141200907983,262.97503651249025,233.971182016226,156.48297700169252,228.5718285436656,261.5079267508619
337.2695040513097,196.60469014449475,300.9914634967672,260.4274793027559,301.69564993375184,151.3854478177651,363.5759615708409,231.0251310626807,111,23753.0,228.4570363092802,208.88496181718818,256.89187097928885,262.5767136977661,234.6366384491048,155.43809802506743,228.5075060695173,261.22776672933446
327.20927372535283,201.10189322475014,308.20150764930787,259.8661891082004,302.9488840280225,151.71064736580087,332.9057024644604,250.7281868822634,114,23867.0,229.71273174336483,209.14040697851212,257.09541067836767,263.95923329417815,233.3150864659317,155.10051686568616,229.30397337248215,259.0531311340604
322.0419825546305,208.01977320497997,305.16871444742617,264.81772344731775,302.54565008755384,155.03637700742675,309.41779483218414,261.90591886798677,110,23977.0,230.2565820021086,210.36575887551086,256.53945437160667,263.9007079643711,235.521853014392,156.70880192115214,228.52819285911337,256.7598921887815
308.1790282555537,213.35771933993408,301.5915232691272,260.893725194965,304.00869678122933,157.25218124661157,292.1323987723029,249.01081071629642,109,24086.0,231.814649667917,211.13296997504727,254.86061075954288,259.74021205698466,236.11720887039957,155.26296350879602,234.75387087551292,255.9678968925069
305.9063105494654,213.26144805582396,301.73232020370517,257.6656165072078,304.3510327731267,156.5363076912551,284.89850517293183,237.04040676673537,109,24195.0,238.7233250463673,213.9050055398636,254.01566644562337,261.63020503902777,236.7641572421046,156.2693333201561,238.5740244736406,261.6240960932288
305.8506957036431,215.5715336918407,301.26100575576095,259.140423540543,304.4951194540576,155.82483461318915,281.5773378569505,236.9885544420561,110,24305.0,241.93177888500912,219.79187894122032,254.93555529364227,261.2892248622039,237.2600185080612,156.0680297091338,238.20405509807068,251.2468754778553
306.1597715828084,213.49549887443357,302.2624048693427,258.4625488498457,303.0693284902396,152.7230129038312,269.77871760765504,244.05215986258617,111,24416.0,241.1094807187189,219.50267024735962,254.20802756392987,261.021547147812,237.56332114141247,153.08204297917598,238.9462264083741,251.78501577139752
307.2261059505554,212.65532904248218,302.0366427879435,257.82845330832265,303.6111381389102,153.85805014613686,282.00925953508374,236.99493788315309,113,24529.0,233.6877149991711,212.078671438414,261.7982397914249,260.86388421652583,238.4137804754849,153.91864355772842,239.8125751201923,252.58965923268602
308.1127217340849,214.2873526467972,301.58119667113937,256.2594544760273,304.89490296543437,153.55618514200125,281.7011210393526,239.84587455559455,110,24639.0,234.8331797470781,214.09656049517972,262.54508668611163,261.50159299585744,237.93914552076427,153.76569836165137,240.61463211828584,253.38030913546416
307.9539283327462,212.68000022372317,301.7464878072157,254.66685067716443,306.7084946366773,152.97501160156685,282.57145970190237,236.73922433547702,113,24752.0,241.5658965983505,218.07891877944786,256.0711427076426,263.58617707927885,236.24366820965267,154.95862275255956,240.5877896012931,253.09373808076802
308.8150841993742,213.0781870125876,302.7261490151484,254.73899814157727,307.16478585564494,152.181741775567,289.3976833839316,243.7263803719626,113,24865.0,240.6957198327669,216.67989398236801,257.9387812525904,260.20842365522833,235.8721130532991,154.73807148237668,240.4506701563018,254.86139779413296
309.13472061764344,213.94162296824607,302.3263897883165,255.72781165723703,307.57258083839315,152.95441997433048,287.1066049429087,238.64720327574162,106,24971.0,239.1855740736904,214.48960558799664,257.60086504786966,264.1588606104732,236.98597389443802,155.03970271751973,240.3949816473599,254.8337706976514
309.0739930656292,211.3174312225016,302.04543055526767,256.43489362506256,307.50029141453916,151.84121396617957,288.0958148339067,243.5339094820396,110,25081.0,240.2822511708389,214.95555483997933,257.1396011635859,263.0774175569256,237.067090750373,154.65354688651198,241.039493469724,254.64893028829445
308.648681640625,212.06895821459355,301.906082598537,255.67334755459717,306.9529533892158,152.28451501432264,284.59668713476043,239.00091327382157,108,25189.0,239.6389673369633,213.92960585733329,257.3945451731391,262.3367005480566,236.437198224055,154.60787518592917,239.90418370902063,253.2576569798154
309.3367162244073,209.24052160405608,301.9693843123136,254.31192744244885,307.247429399971,151.64779282973754,285.9485332782452,242.6533863977181,110,25299.0,234.77453095210961,209.39221324445515,263.4585320348765,259.68734361098757,238.6717066271552,153.01411679631028,241.50234151582188,250.43949765242718
309.7301857541031,209.50048860706042,301.5530015049942,255.06297101329653,308.0306958266848,151.1191787244586,285.611131905877,242.55346440759843,108,25407.0,235.0834692188536,209.68701467819488,263.90723757149374,259.8997524709464,239.68258318913712,153.40742335200736,242.11193701948986,250.20002616257855
309.69879878926974,211.60026930405152,301.10966447177555,255.61935424804688,307.856139327234,152.03003160469896,286.6262615011605,243.4729283560213,108,25515.0,234.69754732572116,209.89513790904414,264.02354597096735,260.168681297438,238.44028138987895,152.19060707771058,241.1388399240509,249.59225529029283
309.8227309168808,210.13390768465197,300.8345740037508,256.9173064859736,307.6403250049217,152.02949177752188,287.34454653307364,243.03335712473591,109,25624.0,233.7034238617996,207.94099794163827,264.800704834632,261.05195910905184,239.389753670528,153.0340329777728,241.2779968423616,253.31818685837064
310.6690149281954,208.51687746964316,302.2057700726335,256.6476087468375,307.55997473112154,152.32480697360327,288.01752469900117,242.92624042551716,108,25732.0,233.819039342258,208.99214164218017,264.6661506470698,260.39695956953057,240.21876165658162,153.3241425375073,241.74853823229242,250.89231470725719
310.6085237457518,210.31884950250918,300.9485365161845,256.8083456996497,306.97298490084137,153.8680916239783,285.99319255636607,243.2040752804576,147,25879.0,233.74852997554711,209.0021721239192,264.25132528856517,260.06323682031604,240.434359846444,152.9478652791196,241.91427458502568,253.2721946417649
310.5548415449633,209.232470420756,302.0341625264216,256.5629876296291,306.60958368518936,154.9478062531278,288.4832941758538,243.37712379537018,119,25998.0,233.43569970573608,209.19746779037965,266.82749943012266,260.88283498092056,240.46646077689823,153.99796048093097,245.1480968687832,252.9853910398653
312.44132310072996,208.39250259127903,301.9572161363354,253.91156994151046,306.7503150514962,154.8784082215876,291.9112422548491,243.1192594915098,106,26104.0,237.98855647484248,210.76561381384147,263.30753882936835,259.6457262141,239.73072325203086,154.4921591273406,244.2854353603697,255.23855514797881
316.8185044346817,210.98669574778282,304.6638646619073,261.3073366647089,307.5930980409172,155.4720348480333,292.89936905514344,258.226830696296,109,26213.0,233.38154517054875,208.79010007050542,261.4715333326426,264.0513244303096,240.02868328549818,153.30841037302255,233.48837328842532,258.026241933748
329.03130994235175,204.74967630732527,310.6064773680993,260.79893960647314,306.97008532617707,152.16099172300292,333.17637638324766,260.8068739052769,107,26320.0,235.23780883465267,209.70030244983386,263.75484071928884,268.67204754378025,239.38902027727124,154.1043620262282,230.07893812751263,257.37586289538183
339.35557155457354,193.83725828123264,303.8192101435573,260.38571992378644,308.40647163694666,156.18752964875029,366.71461838942315,240.6028266988191,112,26432.0,231.65574314107315,209.48927584067783,258.8430713279178,261.58637701828707,234.531934824167,157.0494098595453,229.4446448369115,258.17472373039266
342.45067748213955,187.81384464684757,301.91301259817436,259.5647678426152,302.8461353089512,149.88178130994913,379.2649270621788,217.4772193338524,112,26544.0,231.68176301910648,213.9485317786817,262.93942560251577,265.8280192745114,237.8080883076716,154.18508237791232,228.76789204321744,260.91969411992517
354.76565899836294,170.3671299944569,306.2044219565961,260.1361865929437,302.75280535063,147.70518795027002,416.3481103709901,182.74581922755124,108,26652.0,230.92544224281207,212.83566593699607,259.38824742162893,262.0235299215622,232.8836666683936,155.71128275046567,228.7704649907525,263.1236883414598
363.3604483768858,168.88894430683175,303.45603275046113,261.83537866721383,302.39861809606583,144.85978638998552,427.6068115234375,172.02849567997075,109,26761.0,230.8446414907036,213.6605047585701,259.26078411881423,262.212864885975,236.874789533944,154.18531859048318,229.12139265227384,262.3135855189422
353.4320100738768,163.7389979243703,304.31832958595817,261.8047197009321,305.33990753740466,148.86239873132672,418.1162608017656,143.17183823772172,111,26872.0,230.33301386339912,213.3894724184084,260.68283526271347,262.47010037568117,236.28387532120357,153.4134426999347,229.60496189107315,262.7362038147407
371.1088307023997,138.91498715003615,309.1048182479899,262.2358760630109,305.6966596446556,144.94405522465286,412.0717541924839,133.17980213097405,110,26982.0,231.00606662841312,214.38249214688233,261.5002409026857,261.4200573035406,236.39987449747184,154.69493173619603,231.02278547514652,262.62674881470156
352.38324557438455,141.57343094034974,308.66864920294887,260.5573609375869,304.38590659386915,145.4428351731487,400.39325420673083,134.03461469874264,111,27093.0,230.18614002500985,213.98656281712215,260.79907161803715,261.36425249092946,235.0613719019397,155.332566393652,231.77578508695808,261.2543028699121
361.2881040699602,147.98420101722363,308.1325201140791,261.6997517215824,301.30909644008,143.1959734607846,405.8246213877549,141.30536917689858,105,27198.0,229.85610840491336,214.55284824574971,261.16615841812416,261.936983264638,234.9601328720781,155.1614385312987,231.71939293332696,261.7289512607127
354.66820350060095,160.24824529355956,304.70770352715215,260.65112388855204,302.74955769748834,144.98272607334994,409.07364498715197,152.48881282331257,108,27306.0,229.57802031337425,213.688822165927,260.80337807733747,261.7030236729523,234.4401538150696,155.201028572707,229.93457581699687,260.84969191364553
358.85890323224055,164.77773944678256,306.4071299100112,258.1876397726799,301.6997301420419,146.66878819041406,392.32805570809853,168.86470523169032,112,27418.0,229.8071090738717,212.66073301593602,259.3105555971991,261.4467102267988,234.52435804614967,156.02776035295264,230.24288056067508,260.4222541177824
340.53018382752924,174.3096847805689,304.72244505540766,258.60091565766794,300.98919147521815,147.65225047318538,400.2939267752974,183.7855068220363,115,27533.0,230.74560471491725,211.2444223967311,258.4738572016951,261.6978269963926,235.53478129662636,156.071838433208,228.90763867122746,260.2863697819014
336.0996572155535,182.8893546107825,302.58590212551286,260.2752375517876,301.57245828238985,147.50791644710662,391.78646988198363,206.14620351282304,107,27640.0,230.65727853648545,210.25888327601967,261.75499265959155,263.171114124013,232.10246038057446,157.26070607684258,229.82733820098147,259.48415260297975
337.21987797663763,190.345566094558,303.3907526557578,259.6786978745376,303.4291161656064,147.05619513352147,378.6380709134616,223.51549766241868,108,27748.0,232.19556651633994,209.202225437368,260.4889288378647,260.2159840865492,236.98009865353526,154.75886307577218,229.38185866378663,257.62582609237734
331.8345435671212,202.1553454959096,302.0645983465787,259.29947831876757,305.3255913934277,151.01992596935122,352.12521904659525,243.05238608363686,108,27856.0,232.7597970734857,209.77556954923475,259.0670808746581,260.38632267310527,237.2563887780794,154.2260978400071,231.1751734230183,257.3898584902075
329.3919757063888,203.21956865303883,311.8181239768112,260.25649209887956,306.3773513915368,152.35707238899857,333.5188394642635,258.6143146121205,115,27971.0,235.1431509164664,213.88497675016686,260.06177967992323,265.79126134037546,239.85440443934436,154.087273268513,231.20969673682904,257.4457673585288
316.8545868162768,210.59185910479454,303.2301391277768,261.7709062786713,306.98724235716804,156.19419817398452,291.0891618399785,255.7643056849144,115,28086.0,234.90074582694385,211.58251182040286,260.12276646945463,265.4433658369071,240.115971653784,153.95387181183622,236.05895146134682,257.03473997285784
307.19608701508616,216.71529776685182,301.6121430738536,261.04694244276163,307.3837612162218,159.1844448754796,286.4883762835192,248.48196783099732,125,28211.0,234.2448396961,210.9218448082323,260.77278440763837,263.50846965966275,238.38705411956542,157.0329311818839,244.96229419657658,254.922606580198
308.53252380532984,218.10919140581558,301.9181623382973,260.1241364937236,307.88639787021305,159.50263949899912,288.98779102598644,248.4683133189789,122,28333.0,235.6242860343792,212.5582073931168,255.25783751308128,261.07553149457505,239.2905403764558,158.07948726776232,243.29065297579575,255.22498758662212
308.79478231981517,218.02654062725892,301.4297916402235,261.91660707955685,308.832007289249,158.26059144586856,288.73591415445753,247.9664074229176,108,28441.0,236.26340830673908,213.8697133454564,254.0082325416788,260.1988635623158,240.3152129884108,158.35454540320563,245.3613783130596,255.52374232281997
308.10705372129894,219.11979919650798,300.82860405312294,263.13154444575736,308.8927753155048,158.63033661214482,287.2325713058998,249.10192218115318,111,28552.0,235.52505614586792,213.12340868749646,253.82994957880885,260.52879550703057,240.35082424983426,159.0336752786331,244.8980923356681,255.6332635031052
310.50885106903814,213.52484625005212,300.7264300682817,261.5161567226424,307.2717641329576,159.60194815096057,287.2536818608049,254.03850324637529,109,28661.0,236.3250780990965,213.75943139778764,258.78638634314905,264.46083639015933,238.68721635651522,160.0408685758869,242.18629143914745,256.7915294009172
310.21906238019625,213.85765835907958,301.81841336763824,259.49666956565557,307.77208080342336,159.2774311758021,288.1261543253689,254.29313632517102,108,28769.0,236.0341541077794,215.5293998854016,259.9813931816769,264.1938445067491,239.70260620117188,159.92085792840163,241.24908123471693,257.29183801128346
307.4115119751948,218.28826089770766,300.4535027460964,260.2427363819924,308.041661917689,159.5559257968889,290.40397583331605,249.47804936310573,109,28878.0,235.54950582570046,215.49700923661743,259.6904546196328,264.2963452865221,238.66073325078747,160.0445331288402,238.71346633061174,258.40765345563244
309.25007220604687,214.08963946685245,300.98615408576137,260.66000018679796,307.7230098329741,160.05081638322608,287.53631915590813,249.03066825187932,110,28988.0,235.24050927604856,215.2337118399949,259.03325816996846,265.8916280617493,239.44189016003196,159.42605286730566,239.58535434712783,257.49786994635423
309.11018816798685,213.00736966930677,301.36736093212505,260.18744472082824,307.9022216796875,159.3471016663249,291.3238735856681,247.66399017008172,111,29099.0,234.7472675030048,213.97813247191948,260.6523282078913,265.02773271336673,237.91732990457143,159.7095356462689,239.59506249870483,257.8193169726172
306.6701444833285,214.92990052572773,301.66003158933603,259.9861305209666,307.57933760827666,159.6114047990575,286.9116049040534,247.63932886496983,108,29207.0,239.19306747477,213.60293731146442,255.48501902613148,267.84171107825006,236.70641021323772,161.1535487056203,241.66888411544682,259.5701821758229
306.8072542145018,220.74841645264544,302.31697467024827,258.2747484526176,308.66879248176394,159.39617930782222,288.2508983662653,245.7782209004372,114,29321.0,236.6079800957394,216.40868081741058,260.81738540285147,263.79858105208103,237.7784061178921,160.99897527185624,239.77511297170298,258.5605670888229
306.4572200218625,220.57654004080013,301.9860200350733,258.40099511197457,307.8822516889092,159.49753567841557,285.27690371404594,246.03085365583888,112,29433.0,239.1977641057589,214.47346045877583,256.0648465346278,268.7235333317115,236.24593152923993,160.77634492378644,243.3245056314241,257.8937335031313
307.4543418175978,220.36615120558557,302.79296065515166,259.3892840728217,307.6009039031416,159.24117824785228,285.66764689883126,245.62029494085343,112,29545.0,235.0105653960129,213.84854136836915,259.2420453544637,265.2407956377892,238.329202262413,159.03333480672057,239.53262855266703,258.9474666330738
305.41728619239063,220.13507503631698,302.4558531257772,261.4952217726521,305.53715146821116,159.8625109798119,280.699142334632,246.1514004905877,114,29659.0,235.65616678495942,215.13455102452184,259.19014280607587,268.52655851968245,238.68407393640166,159.0819400230761,240.7617414155753,259.15541082090334
307.0006097849232,213.82187541269326,301.11134334331484,262.373523644281,305.67876436349883,159.3179644384418,280.04525182101713,246.9946737051859,127,29786.0,234.55473801185346,214.59953688217647,257.69902398794966,268.531233899534,238.7029474799766,158.62480353630312,239.78278445944545,259.40808720435956
305.67248276121103,216.79009325563698,302.14045921750665,260.4781311686777,305.5404169300191,159.09371155436781,280.49751747192056,246.48115994667245,107,29893.0,234.68074403960134,214.71746478640736,258.3674714672787,267.65473294512657,237.89898252613662,158.7353119222295,239.07077374445663,258.904157465463
304.881386187728,221.78501821497585,302.00755840271165,259.47534853029083,305.4632455031499,159.5422613069256,287.3850515350423,245.42624936833505,111,30004.0,237.2788701955456,220.60383257068352,253.47994452762356,262.977297636962,237.6355020942992,158.2888620179743,239.25833057029175,258.43170804061083
306.7839005771304,215.78974991930758,300.1789042424776,260.50069191277663,303.17093340724466,160.24896940726828,287.27013706844747,253.4854074389909,109,30113.0,232.31083341239304,213.58668833016498,255.7958968185304,259.4065471391237,236.96508918580074,157.50540193713854,238.0070127289871,258.3182971927195
315.8403901522608,216.18738792120774,305.0336502844206,263.102008100082,303.67404765728617,158.2801042332768,304.7673216802056,261.8600659353453,107,30220.0,230.74912728934453,212.36449109277686,253.569795724884,264.2328423876779,236.38442790792857,159.64739870770546,228.39091617169368,262.549824561937
326.07020163093387,208.00333851172832,306.55824696669845,264.4954097652775,302.5257869487732,155.0939566724241,327.87021100679186,264.2083528457587,111,30331.0,229.28572333459832,212.7786185648094,258.02662654643984,263.8457013873443,236.06280582336913,159.43098319382855,228.26290080022437,264.76893414806216
335.7422951614825,197.00613625957448,302.6311559702421,262.52983201865203,301.0076871917482,153.32427754520947,373.2441140738976,246.02948061936263,110,30441.0,227.30797077047416,213.24353011053228,255.90896565971073,262.68719601885704,235.48516554288585,159.26347264191438,232.40960320996356,263.8503193431053
342.0841455839041,191.786864898383,304.48162372295667,262.9456068697349,301.0858785695043,152.26461349433004,392.96981690100716,227.50024652990157,110,30551.0,229.53019847920467,217.13337884678958,256.72813880981124,264.7843547563112,234.7544565377881,159.57032498940032,227.6725192285027,265.9875951203587
346.21056675594747,181.46076378873238,305.13313435116885,262.8911533559345,302.17540629662636,152.57683092164825,403.99319757517196,195.0620062071233,152,30703.0,228.93584233696328,218.96099363781804,257.53966951243757,264.1578000974825,233.34785522137142,160.5199190730302,228.48698360534183,266.9902682049843
353.55784772877985,177.94073790417875,304.5858849644345,266.189135351215,302.3255851603945,154.9143907268701,405.52634322674896,175.6271579511649,111,30814.0,229.1313855401401,219.24569805321744,256.9885455265602,264.2583500872303,230.2093522049072,165.8671868483791,228.47818146966182,265.0349543018273
357.3415821996228,172.83049396772827,305.4495745185832,267.259694706927,306.2938821726832,157.60698230241118,406.8754992497695,153.60586879092182,108,30922.0,229.39361167523208,221.1164362489965,256.89815713492885,264.7418348644976,231.92332867285938,163.1743057088071,229.6079756030986,262.5241376666412
348.586598201519,166.30986712581324,303.92815465952424,260.14032112746054,303.5122348775282,155.9999609841995,416.112625567287,140.2412474282696,110,31032.0,229.07118981965974,219.67331356849536,256.23483713489,264.4425681986419,231.74419696514423,163.14914011021955,229.36178333879468,263.21403150456655
355.5667413767201,154.11753372789698,303.945877520412,259.17107089982755,303.1394225912322,154.69134456322286,404.3203707019594,141.23563922596998,109,31141.0,229.87218477365508,220.11325652913268,256.5351573225674,264.7121975175851,230.7034423180537,162.88449487652218,229.232418353741,264.8286747508202
354.39656143795594,173.59872892658058,303.6320961059247,260.4183807916064,301.8943110701261,156.91218257374612,399.40705883724297,148.41889588434074,112,31253.0,229.71713928708348,224.07269501601246,257.23107416370505,265.87295423623084,230.16173345024453,164.2681629547445,229.33355984068044,261.899880785959
352.3083164204969,179.87305610629588,302.58908340089835,260.5380688867536,302.1719028462782,156.69220106457476,400.835080741255,158.93511110353305,106,31359.0,227.95873748212657,222.68709773270686,256.56835773579326,266.6912467114866,228.2801037694795,165.95756340705628,227.95148915257946,263.0110849943874
350.0042878411493,180.29459372958252,301.1430704941484,261.21205177171373,296.88351335196666,156.2416113313831,396.0170810608396,184.58843977850103,106,31465.0,226.2412429930993,225.3792893759297,256.2624162830788,266.4653036857415,226.88950273023045,165.38234669967053,228.3938582443116,268.80474362084874
336.63830542121707,184.84769122032085,302.71291879507214,262.2933710172932,293.06328973340106,154.94307670729015,393.7742351663524,200.4755727421771,108,31573.0,226.4568646580218,226.0881514905611,256.28461276188455,269.8813773050003,226.9257401281706,165.5445807514666,226.17830595223907,268.9329284450762
329.9173872160975,188.1198168988754,300.88035360887767,264.73098863486297,294.53736241995813,156.1379995380008,367.695542393692,220.8786689513943,111,31684.0,225.3517114452089,221.91725001216358,255.83211316986493,270.10402801622274,226.51197843273377,164.89275297660419,225.54012065857097,269.45146146618174
325.18555613348275,202.31961565934043,296.8331383014548,266.759606629504,295.3657730062065,157.57814482013524,351.5224782604754,241.59674729316689,105,31789.0,226.3797903693323,220.44011648863662,253.1411852444515,266.0277679551963,229.52812862649205,160.5799486289245,225.74741029612895,268.4873965117431
318.11423466123387,209.03273558701488,299.74620222096735,268.1523505648684,297.78009227479487,161.18497149375838,327.6442244957233,262.7048973002044,106,31895.0,226.73879527286763,218.12113526028668,254.79486440157703,267.3869888468569,230.49829457735828,160.20634321979782,225.81769138811757,268.48925037316155
317.6815156405421,214.9825335736801,296.49348089486284,270.2425385879028,298.3681991941416,160.56903377546539,308.6413173523759,270.04962744661924,106,32001.0,227.6367948415741,218.53262950941337,253.30945326099342,268.2313323105782,230.29752776856762,160.14089645440043,225.52985720040002,268.1016711577826
310.27643664129846,215.42061829482108,295.10943911119864,264.764980438341,297.87380633366837,164.56701258323372,295.0970669450432,254.74573834510886,105,32106.0,227.39276754445046,216.6424174325746,253.21190224402145,267.20576371162394,231.98123274178346,159.4706958214159,229.73751806770144,264.957718492827
307.0860792407939,215.6774833787803,294.7557703316686,263.7817887818686,297.23983157534815,164.29186077728815,284.31229406705904,245.6480494597629,106,32212.0,230.02075842900365,220.1551491340284,252.3033680397256,265.79535433406085,230.53306518878483,161.58773347576314,238.86043477754063,259.34985619847043
304.5536039236053,215.86547600416955,297.43788660995517,264.50143155678313,298.54988482649827,163.9625128477918,279.8225512112484,244.29385745228402,106,32318.0,230.98926169802718,220.85863669996158,251.27791994130266,264.0097290256269,232.30074854681286,162.5150364234354,238.826684117001,258.7741177107516
304.02646173532827,216.20567158872123,295.24177854826337,265.53962245954745,298.470458984375,163.64675691543525,275.8446391381383,253.0875896304528,105,32423.0,230.13560085144852,220.34046156126408,250.74898110144332,265.33164462160806,231.65258513837657,162.3022439216804,240.6085383164788,257.73554011171825
305.6810046127684,216.20927871758403,295.2920613175046,265.04157395549515,297.58552611980895,163.1437446892898,278.32686770816065,248.34071149181216,108,32531.0,229.80821361592342,221.80531518739315,251.00026421584886,264.95817625649886,231.1303654273562,162.2434905245635,238.97416253937337,257.2831830605069
304.1789249652893,214.6034677851667,295.0659616809308,263.94546943202994,297.63667665678884,162.56112475412172,276.29036738954744,244.8539818054417,105,32636.0,229.68945085844246,219.01423126777297,250.95359255843837,264.64376755032254,230.5461594154095,161.00370522495692,237.12374173677887,258.33375353830144
304.55491043212237,214.34230017068126,295.07503681537014,264.40655718494565,297.3886156967528,162.27293971594543,277.8048131320457,243.325944676518,106,32742.0,229.66204413052262,218.67303914075646,251.39544256802262,265.0214812254991,230.8189898017864,160.99020445474105,237.53162981028268,258.02536448549967
299.8840939144873,220.4603234559192,294.2775194082083,264.11314126011314,297.1688907532224,161.28966579233625,274.13658405172407,248.987106377544,110,32852.0,229.23285041626946,217.09478354538888,249.6861983483919,265.4750272811944,232.70222388148625,159.68427963528345,235.9516109395723,258.740426365591
298.54323167067315,218.9728814936193,294.68987907591804,263.8255084706371,297.91561865363894,160.5515072099679,275.969683497907,246.74547753724343,131,32983.0,230.8032631304916,218.18265891159984,251.95378958704617,264.0565887125361,232.57386144339569,160.81992777216902,237.57095944027688,258.60838608385404
297.22207147815817,219.35672040511704,294.9365922437106,263.2739773679034,297.4789347762455,159.71093255854163,273.6207754605645,247.79210351964332,118,33101.0,231.22636789984662,217.16279942794202,251.8359188818489,263.9791419412742,233.48527417575016,159.55419329986032,239.47171724759616,256.4022539349213
299.21028683609296,217.96937881415425,297.456571948307,263.36140045491834,298.6764283521738,160.93892433465163,274.24694597563,247.7570951875843,102,33203.0,232.15886366462203,218.7716345939772,252.0236027968025,262.95739387702264,233.72170202928132,160.38735739276927,238.9507004310345,257.07464971576303
300.9642996142967,216.29706610140002,296.8878335725091,263.8308362859,298.36734437816017,161.80799518191515,274.54611214149537,249.95212799289473,108,33311.0,232.04369178185098,222.42400661482085,251.7240359359458,263.9175670257243,233.13042840527604,160.67853907249153,237.55021234406087,257.69711871164134
299.76115907218787,216.67616263827395,297.38239399634244,262.94517924352897,297.94698214341224,162.51125213514445,275.4886471371436,250.6243783808264,107,33418.0,231.9075866213528,220.84094987645267,251.9165783788545,264.60213060480845,233.3615160873777,160.8010405408106,238.24639844009042,258.03976937969384
296.6084301693054,221.07669979652053,296.541302830218,264.8916530948517,297.4039149600568,161.8523811530388,274.85345896106185,250.84851845303464,107,33525.0,231.81219369093998,220.145465131332,251.0588324670766,264.7084246326596,233.38500248026156,160.48035591098338,239.458352653038,257.32553984346765
299.04400327161386,217.41435644889646,296.1515075521697,265.11565266130657,298.11159816913965,162.54135050383329,274.93169728893815,249.95691740640117,112,33637.0,232.1266315976252,220.50807280896825,251.16308966113024,264.354571685248,233.82980629999383,160.02649463368482,239.95017458968837,256.1618331148956
299.07484869109544,219.03260028235005,296.05919390205366,263.32398112558394,298.53529224345164,162.4538793597781,274.6634469677346,250.37018799696958,107,33744.0,233.08755970760117,222.01370985906743,252.36783703062832,264.21726213231204,234.1946346374026,159.3589326580224,239.72471525561593,256.67253833648573
298.33245153452424,220.53840372486044,295.4895035720947,264.7042656623596,297.7046272419492,163.08329870692353,271.26988418538633,249.9600407067567,108,33852.0,231.7451116830032,220.75441788099843,250.51124754887996,264.87743717071424,233.43513549480892,159.94652934770144,237.6681429511356,255.3192298862009
300.3166380864556,217.03252045709468,296.4264547413793,264.070570867681,297.67277806127737,162.96733462513555,272.6270421683314,249.6931624497383,106,33958.0,230.79139608287053,218.24752896705985,250.41582102484662,263.5334544334547,233.18008544274292,160.16826045894962,238.7789034653722,256.19342491720073
300.8735855062065,218.2102752156105,294.5472413728345,264.14142567916275,298.0069763021697,162.97186909197063,275.9591682899536,255.08912707562973,113,34071.0,229.53432037596363,217.60537748234975,247.8081852434801,265.6087341851611,232.94977243762435,159.25294489198734,239.90164111716683,256.34350664675026
307.0577764131662,214.69750930406025,294.276501076291,263.2007050429375,297.4699357333804,163.54822532137942,284.21365672144395,253.47022548689117,104,34175.0,226.0916153885009,214.76491744832214,250.69620673789268,263.93954131102646,232.8128116516599,160.01692232288073,229.8246898701716,261.26686612057944
319.1178974991452,212.71649995308326,297.9654991089191,267.364229358388,297.2991069115758,160.84700669258092,317.2307171808946,262.55827282671396,105,34280.0,224.59918844288796,214.8249806034183,250.86232314375417,264.7046370862642,228.63912648168102,160.4836091282529,223.54524850212928,264.6210080618536
321.34808689593007,203.33860502548492,296.2075473775282,264.0437908783502,295.91100718045425,158.24940230074301,346.0201241166902,246.0479232721906,105,34385.0,223.36026705228366,214.1519038787516,250.35230236913543,265.44278670884535,226.89153615612568,162.00657583216332,223.2501969476594,263.55967036345675
329.60487264537056,187.3824313017821,296.5596684220615,265.81602863569697,295.3089010304418,158.0000033667079,366.3655539596113,230.01950409912982,109,34494.0,222.5829236260776,216.23143790031241,254.90145331668603,268.33351053801294,224.86368275447612,164.19495009018434,222.83054867853218,262.1033707886828
341.7621238162094,180.11999354243702,297.73149404348686,264.4194690527865,291.56955911246786,153.5167899759639,396.6013404987851,197.56161740666184,112,34606.0,222.03033042523208,215.008916888797,252.26443627152585,267.4764482491381,223.71825524287132,164.55848612395047,222.430278666772,263.8838684516445
349.8781684855251,176.50856968346864,294.99824139420485,265.446399946654,296.5002514259885,154.89845126549122,404.32747170526716,178.36586163137306,106,34712.0,222.2489832061039,218.4274715545763,252.82546754224862,267.21032627960966,222.65830771044014,163.94176035164938,223.7201368903608,264.4331253974888
349.0903276600319,160.64435259727395,298.18951320901164,265.4031860785976,301.60402819079496,153.20546812009982,404.36843993493034,145.27620553121872,107,34819.0,221.41729865845696,217.73482787651523,253.5168501552916,266.8063245888707,222.1947400323276,164.29316890621524,224.07367858077237,264.83652108080446
359.43271788741305,139.7411479474811,298.96342171281975,264.55217246059,295.51107877129266,142.00828850905663,408.2735016111986,131.31198380765542,109,34928.0,221.63184856546337,216.74383631804662,258.02736803454496,269.3025958241093,225.5908818333472,157.20872342798634,226.17276502857158,262.24185468463287
353.67709617715934,140.87513608016152,297.3710166870441,258.7843404206517,295.24962164679005,148.29949511327774,401.77982886843085,125.84726564400562,106,35034.0,221.93552841874583,217.20119354139442,258.8951244404841,268.54641544437067,225.2229952622472,157.3216224480354,226.80279354834119,264.77980562800616
342.61828273297624,135.2566816119537,299.5117863419834,256.80230191593915,297.74530456300124,148.48387877712042,393.76423553699533,124.98813669876695,104,35138.0,222.7669956197157,217.84559467084893,258.03958316064325,268.27806126604725,225.63702408767818,156.5941875091227,226.496361851376,264.97805110076143
357.2739610747886,138.75936379212078,298.64604951215995,264.7454912721899,297.1610136563329,143.07557672792484,406.3482900766226,127.4511422805515,118,35256.0,222.53068433200016,217.81174520580797,258.55519099956484,269.76281325588025,224.3820554697861,157.44264514420806,226.18303010571225,260.7188944969313
358.17202621176637,146.6855287382187,298.2805724611965,264.16092543415334,296.7402142997762,144.56537918688142,416.7401268754145,138.86580626735486,118,35374.0,222.1487758646593,218.24635597310456,258.34480103510447,269.236232309579,224.89307352971653,157.7583302127933,225.96227225953768,260.7472098679729
353.9780917787426,162.5778880068416,300.0478535052636,261.53840143061194,293.4937025318095,144.3821662006853,396.35900846526863,160.3402806346527,107,35481.0,221.65008463973396,218.4983516163673,257.00083846438787,267.6686739667031,225.89242626564567,158.30335569551409,225.99996268274933,261.1411961457059
332.17846736351436,178.71728102931775,295.15631394930165,260.145468016112,291.0140918357303,150.09828122909383,377.8304997047,197.90553680094112,107,35588.0,222.74362093573856,215.63488345977677,254.3654877437521,266.5766567352404,227.00390560241212,157.41381173456267,224.22233925574025,262.659308884916
329.1412228045476,190.6819536677459,293.81086840237487,259.49143418637885,290.4049876893547,150.51602634246663,366.6818650141951,214.9767194863316,107,35695.0,222.63610151781646,216.48315110664777,253.36488354427433,265.99075263081073,227.92301734499335,156.86190594981997,222.8328872802087,261.9791138129726
324.6472309628596,198.64664926223483,293.54373597972267,259.9242578961247,297.7074175361613,152.7943963427561,357.8992605841761,239.3091124402246,113,35808.0,224.20034879082397,213.08501966483232,253.39797528416162,265.81113170474447,226.37485170237895,158.75588603715457,224.5333692312873,263.76493297861987
317.0368933234986,207.1798654468034,299.5250801066189,260.48576002019155,295.3602167023272,153.90356790128553,325.93441019640045,259.9529068156069,103,35911.0,224.2282015448856,210.8584315072599,253.7604804001057,265.737557190593,226.93639294854526,156.831577070243,223.28745267751682,263.5832451925583
313.0399315932701,209.41918261110573,293.6076302363955,264.222352920478,296.8262398717258,156.2713476432176,306.06286127308005,263.79852240620136,109,36020.0,224.90266997238686,214.03302827339581,249.3313614822509,265.1993012343437,229.53194291901522,154.7163570309025,226.5122714662425,261.4736791861864
296.4640812152893,214.88562410836545,291.1735401102972,259.0656125757618,297.0722147893526,156.28265530189162,275.886795489162,244.34233560256686,104,36124.0,229.67242982090312,211.4364070145685,251.84996830057403,258.12696898110823,231.28374742260033,154.1821663744509,239.39495380108173,253.374520705688
297.6956006765998,212.50362355513928,294.4778660943717,258.813226774494,296.1409203000664,155.2416257756461,274.87362970407827,242.00416347734446,105,36229.0,232.55516315328663,218.7776118919943,252.3625397618949,260.7004919086063,231.79392847521552,153.6747882883744,236.41421209279682,256.2184259815148
296.825856175916,212.4268446952847,296.1275079459031,258.34349771411394,296.17946715822904,154.19268720090602,263.4935503486613,240.2385763256576,106,36335.0,233.54514853075267,216.12579182797904,252.49818351603943,260.6343760100124,233.0449629968294,153.92448696801668,230.6859380180703,255.601335301518
298.5568358727412,211.08526888267,296.8429921603013,259.47528988441115,296.67475692789503,154.41588242283072,276.95982105852124,241.29939232008317,106,36441.0,237.22803252445289,219.7029522390128,252.41615194224556,260.07255988613144,233.07740310142785,154.47447372925242,230.39839028679725,251.68754794843682
297.881754665223,213.24075909271787,297.15396385294065,258.93161651502726,297.1576818167689,155.1507324001543,275.17208838020144,243.43564993970332,107,36548.0,237.65250532317228,219.2587903385909,250.71631069841058,261.57580609847645,234.7718985074395,154.83392613638338,230.43275575106597,251.98143874198945
297.9448556267615,211.96898613111833,297.66449298403313,257.3688960499611,297.8486629253357,155.34913466918508,276.1558520572572,241.89006628939262,109,36657.0,238.872970459632,216.3092204599618,251.74820877196618,259.27424855079516,235.4631337942432,155.22791322864245,238.86394470376743,254.66322725777945
298.36918109924164,212.28641224925633,295.5914938038793,258.00952409085863,298.1187928703167,155.7414312125101,274.47201190007456,241.6901799537957,108,36765.0,236.88959015459218,219.31570504483804,250.44629246233632,261.17272319318556,235.13164085165573,155.90002025997939,230.51395261951717,252.37109255536168
296.91423896769317,213.1737545461417,295.126110451291,258.07254886287814,298.15308264775365,155.41752676098372,275.1427607447779,240.97393212369332,107,36872.0,235.84387174651854,217.6703543679994,252.8663339791943,259.6414352905708,234.8626498518319,155.47521475795327,230.28445084468123,256.57456204560305
296.38826486602704,212.78886326691438,296.6002543725133,258.00573002825433,298.4122270740944,155.8235215971054,274.73489857478864,239.34822842743895,107,36979.0,235.54324203207887,216.6577384650071,252.3775257545694,259.5305782874708,234.30363500782286,155.41441771483503,230.39005218829655,254.84062004768128
295.31830886314657,210.77758979118596,295.0703636594413,257.75202958185054,297.63421906084216,155.56794570434138,272.0936272820996,238.69181405607068,112,37091.0,234.43753432215684,216.27740568113498,251.31119786270102,261.6354302240012,234.03094385283694,155.81459479824082,234.62062360121018,255.4498798736898
293.4729505786845,212.0060670248554,291.3877986027645,259.2475777079626,296.8504086603221,156.13900507047933,265.77747132480937,239.1890382597031,106,37197.0,233.9677643712699,218.195689802068,250.00060832785044,262.087129749013,233.64790048776317,156.7608867930348,234.48792637185014,255.51805978143767
294.475547729816,212.17058093522368,290.9577452156209,259.456588365005,295.58752570923826,155.30124134864673,264.49770009169845,239.31521975697152,109,37306.0,232.53025368607013,216.7862548013599,249.73663856243263,261.742738336855,232.9955949454472,155.00715751240688,234.79931413969246,254.2456918085173
297.0510759024785,214.52826503332824,293.4322051597211,258.3238222251159,298.62482450368867,157.64412387834327,273.80291926133543,240.95170696435025,109,37415.0,231.5795186090849,217.52716312204814,250.63773441061738,263.14947053631005,231.11754156866505,156.53372442170817,232.1006730380678,258.1178495468194
296.3416741570996,216.13027823777387,294.0962425656913,260.72688173993197,298.18969078974635,158.15962116064975,273.03596962035806,240.6607525374117,105,37520.0,231.55599012298993,219.9217750847976,250.12457850124852,264.2566737925031,230.04314164584133,159.119501079953,233.32684180464602,256.5158888793077
295.42163636387187,217.03396400098703,292.22759864058355,258.79457916653456,297.3516068597688,158.15799129391056,271.50617604546585,248.68790365198757,153,37673.0,232.36618568157328,221.5871624929625,249.81990541007855,265.03386283684455,229.36053612504142,159.11464568983197,232.44783517852704,256.4903760889671
294.1781737633662,216.50229918999185,293.2838379230044,261.5453713305056,296.89492304065817,158.0164307292246,270.9431340144231,249.69537429538062,110,37783.0,230.39680541668395,222.98070344212215,249.07193454570415,263.99920534833046,229.168160436008,158.66272135561468,230.79513752175896,255.51055799599644
295.0506543227785,218.0547101981275,292.7390449179895,261.95945848349584,296.51902095076264,157.88999428528484,265.2577205425232,244.16686855601245,107,37890.0,228.68184542466224,222.64427483718163,248.10562012366336,264.69057592208696,229.352472037156,157.75056207731527,231.47384360235,256.26284942083936
294.38898465993867,218.88947727841412,291.83788714421524,261.79476374833183,296.13414329306204,158.56116624065143,265.83003765075847,245.8137858083664,107,37997.0,227.0755919600672,220.113576434261,246.17463675987182,261.21840507534483,228.77377133154425,157.32045401033557,232.00015283073608,255.34083641296604
296.3132774292316,218.62430748990425,290.9158033780773,259.6600463975791,295.1334419554045,158.95582857505286,271.47720944027685,248.03383939206813,112,38109.0,223.45460765241626,213.40674892439117,244.58243586340384,259.94570559029904,227.81137319711542,158.2546950913833,232.1941345376741,257.0331060334881
296.93697415865387,218.26107934700642,288.655302417057,261.76517282940745,295.81063753730115,158.9694849197551,281.4588859416445,246.40915242802632,105,38214.0,223.47950416787552,213.9243379097392,244.83059921062284,260.7699278156104,227.5793942722149,158.87359890649327,231.84247328052467,260.059590186937
316.7312605880616,214.09190384942863,293.0416724409918,260.11633659172736,295.27402761444176,158.62983893669374,306.2948677204648,259.8422729926601,112,38326.0,223.37206812689098,210.78640377818482,246.3749338650893,264.59054641452127,227.5736453109458,156.996792287589,218.5865809999664,258.3160373918526
318.34709997202424,207.82898166425716,295.8412870614535,266.5575467309918,294.10720622824107,155.39894986407188,325.3728400617443,260.88968514547656,106,38432.0,222.12617181024123,214.75345177158346,247.5889219086746,268.1801906599269,225.77497973049984,160.03205947604468,218.05856416332944,260.53004682276173
325.7507748186431,196.93808341789924,291.69029013231517,263.35173854624253,293.6291673898065,155.02008241266543,352.147499307081,240.55701612153516,108,38540.0,221.93892339812663,215.36401972651907,247.9933194835876,267.05950903298594,224.96225372233502,160.6502709439641,221.0404085923253,261.6683195663941
338.1333190756072,174.223638242674,291.7934654498922,262.0701696864227,293.6687762920673,151.87880027336584,381.7799940033364,211.67342759536254,103,38643.0,220.16257612395353,215.01696522125567,247.9542246041943,261.9435907004143,222.77493342796748,159.91115610794662,220.42209291331645,264.3852308551612
341.9073330502295,176.60665165911362,293.63083816649737,263.49500717217387,296.7527095076261,149.30362009068824,388.32009555806536,188.67802385757827,105,38748.0,220.04013203183285,214.13095956171108,248.7020202151028,262.16264446435025,223.50783208953288,158.78064681626725,220.9908745965528,263.68348403333346
356.08360553609907,168.1081591297299,293.5837411248084,261.1488535056335,298.8420092838197,151.42549236474088,417.4390862664746,167.61763358879767,108,38856.0,219.9098490909809,213.59026450703576,249.70740523199188,262.1681669513526,220.65325587750743,159.44762803481566,220.4026632536628,263.20391264674504
348.3426283778183,155.467865696157,296.65084960289914,262.7710555541558,296.99880584797745,150.28761458990837,399.4854299206317,147.91492394281028,108,38964.0,220.59988816157573,216.8891917598629,254.3201517363126,266.9290659351281,225.64923435686757,154.780773013512,222.35490834365157,262.4130576870196
352.856004952752,138.95347513762235,299.07884564893,257.54819605274133,297.3910344374275,148.63983191629322,406.77920070820215,127.20210866147514,110,39074.0,221.0890760345864,217.5833960699441,255.00864610747885,267.4671528772103,225.28462781830243,154.59905794082587,225.35108692766187,258.782225096353
351.98143268453657,135.25905839913256,298.52357214262383,257.18514873463914,295.5518314756196,147.6506849540086,400.2789492822136,124.89778498313605,108,39182.0,220.0158901872306,217.5788697483701,255.3125841864224,267.02028634285165,225.86031238343418,154.2956192722524,224.38241609527836,259.57160416022737
356.3709014164042,142.6642198664438,295.95950746409767,258.2738769096836,292.99763808516036,144.43837990540203,400.0016226123436,127.63769319473214,108,39290.0,219.6568124300605,219.0098560916996,254.8913242329969,266.0480072998916,225.54507146779682,154.6091214108722,224.00274382978282,260.7418461117456
355.29379442452756,142.08354746319642,298.2113469374275,260.45365791728057,294.3366037060158,146.6642671632597,412.14942709520585,139.33179258027536,111,39401.0,219.45564411679374,217.65962593920293,255.89368177661842,266.36224739916383,225.50233876357345,155.2563593311242,224.70612098430766,259.67376790436987
343.5598471563122,173.2632301031907,292.713848083658,259.17153355065614,291.9118234649577,149.32317869519,393.7347743998156,152.64921520952655,109,39510.0,219.7109912497928,218.2222826540258,253.2142780820002,265.7011486881568,225.57524096744447,154.4194174661331,221.4085938633279,261.14663015480994
338.2293434041881,171.8337192739032,295.0183283555413,260.37306463166914,289.4278427650188,147.09806136813452,391.9136423773728,183.9927984217308,106,39616.0,220.03467347324687,217.12099204284016,251.1197385104961,265.0769154287318,226.1814722521552,155.29408084964413,220.0578150255927,262.45017584532604
329.72814868552615,177.44643947832103,290.7444301777241,258.88938440546866,288.8966454624814,148.83678157982877,380.177016523852,198.3493346081934,109,39725.0,220.1926023447861,215.21233175148743,250.4542598167845,264.5129106732025,225.77512381879976,156.07961389942102,219.0022528772329,262.8060038149145
325.0114596743798,185.86991985497525,290.592155962471,259.12109814504714,289.5043232965849,148.8159027303241,360.8087352479485,211.44576510500653,109,39834.0,220.76846499658075,215.528202532025,249.53845603396468,263.5334267395671,226.52864248746272,155.9402574423793,219.15751530573917,262.4052750937031
327.14395619197614,190.25414572067533,291.11315658933603,260.3525798600764,294.3001679842921,152.40603355326263,346.29138855466164,232.66201087164285,125,39959.0,220.740090934288,214.52823163775787,249.7903134778577,266.95008641035963,226.89216755429374,156.45884422220794,220.0224093733163,263.72944000352743
316.7799081979444,206.2185000355134,297.10015496777606,260.81516089388487,295.1650895743535,153.48365383216068,313.33780830039274,260.6257982355844,124,40083.0,221.3011950586456,208.89111230381872,251.45986784674446,261.54718528014484,224.0801241037384,160.92293763075858,218.3999257378616,261.0819678798689
310.92644102061143,209.81422858730332,289.37590378981366,262.57428233733805,295.1711720433728,157.65596953151066,294.21357658244574,261.7242567394976,108,40191.0,222.3261113255347,214.6583375218076,248.8413341734707,269.46055279931994,225.88828656022048,162.26909841082696,220.279095798968,261.4803454714738
299.3370950633082,214.45063092106182,288.46757681363465,263.14682821362044,295.32202925542936,158.6294210848011,282.6253503450348,248.22867179680554,109,40300.0,222.12813723941062,212.2065573315604,243.77724118827197,262.0543515894337,227.787760524598,159.96839530103148,227.75814875999882,258.73066651015097
296.2331562396386,216.93760576621492,288.27221594691594,262.5916162674113,296.0513184241338,160.6366382205189,272.5789182951343,250.17905700249185,110,40410.0,222.52195646655343,213.10764353470447,246.22546613374504,265.67025615651414,227.35987817577092,160.86112405905942,229.72765044761277,257.94135375379244
298.69078618461947,214.85353788871362,286.96617450258776,262.4633129296354,295.2647112535229,159.13455189334962,281.8714690271676,247.8717041015625,110,40520.0,222.84627818302388,214.24448250875776,243.72727305566602,260.18834151407157,228.44744371166283,160.92362834889695,228.6443857046274,259.29131699626555
298.10172083523287,216.7272655989352,287.33504945466626,262.474785529846,296.69739579016084,160.43439790447408,272.9357683500497,256.16644292539553,109,40629.0,222.6025892505596,213.63573257609195,244.71492908993832,260.97802375983514,227.95248583077756,160.47021343190477,228.77607755382752,259.64243626043043
298.53549137672,215.00726584437905,287.68291281136027,261.63344115124903,296.1016457150406,159.88860595268713,281.410912632626,249.2818654559261,112,40741.0,222.3874573239597,212.59767321929385,243.88028015824779,260.12835410990317,228.27700020463774,160.88227241488963,227.96213246150742,259.83522979814387
297.3390404172538,216.65566549606598,288.08483680300117,263.97587406253484,296.62227883579243,159.28078620883494,279.1836669274287,247.6462579367424,111,40852.0,222.05557016225958,212.22899345316497,244.6748915148667,261.82376820845957,227.69918507543102,161.06134679393838,229.9271787446121,258.02955481505484
296.49898782016743,217.74195416542136,288.8259535569411,261.9140844922049,295.18833959766664,159.82605279128322,272.3137958233173,250.54381645446998,111,40963.0,221.8406713672911,214.0580122326617,248.34731367601958,266.23422018573797,226.62028588413878,161.2669291105983,230.43766578249335,258.2205486636993
294.5964847635527,219.23015282247414,290.22099502522997,261.3736741144038,295.48801250103617,159.7705200303916,273.38381577549944,249.04405743201855,112,41075.0,222.48684263355847,213.05032777616563,249.21900094029758,264.6563275428854,226.219922781623,160.44511380993177,231.486945923823,257.24419454662825
294.5165627072281,219.98309261009788,290.32141080901863,260.8284775812007,295.619121521158,159.81867888644072,271.7736354999897,247.27964818689748,110,41185.0,223.5728992897256,212.84918584857547,250.31687283705654,264.94215860061377,227.2853942385403,160.38901739697442,230.1117153825431,259.76726654161337
293.56967106422,219.07630513147103,290.96538513345484,260.98007636562363,294.44984901488937,160.12664794921875,269.3941669818261,248.4833101700209,115,41300.0,223.64378587636773,213.45828887830848,251.30181026711705,264.19318229702446,226.68682877517818,160.5439443350687,230.22076108411392,258.8214021730253
293.34387984136686,219.24883316420156,291.39926455065176,262.0653061510405,295.69161574467427,159.51327802447662,268.5011676009201,247.91527412115886,115,41415.0,224.54315590289286,212.6024039869207,246.130474808994,262.3137423152177,227.53758761863807,160.87097982494856,230.81538597531915,258.4293658707914
293.905034153784,220.0454282930313,292.2843192426849,262.55503264186217,294.33507944607925,159.87130867628866,268.7165488488478,246.89757241897308,106,41521.0,224.14733724821784,214.02342419607362,251.62137545072116,265.3038285550698,226.95977572737067,161.070954129365,229.69976045724889,259.8929902752099
293.1518862291736,218.9681898232457,291.618609441054,262.18557255972325,294.5415118392013,159.79613443286394,267.44180289756713,246.29579640792358,110,41631.0,224.48095346951675,214.7324109331993,250.84921920331155,265.1340511770011,226.6240483696328,161.12703913895686,228.69086551413295,260.19576103237597
293.48412146935095,218.8700752665564,292.6864445936775,262.38155812979596,294.98470883154425,159.33357808937802,268.32467076632963,246.66350525893355,109,41740.0,224.92846096858426,216.76823911293548,254.5264416601045,265.50992809580737,227.32448264205487,161.70435569464524,230.91296937168443,257.6232428228304
293.2418960854609,219.79690823266515,291.74979536223475,262.571636756544,295.39434215434346,159.55804926644862,267.2840974438412,247.09958161323516,114,41854.0,224.23279456181615,217.46721328789653,249.00349503170588,266.7580154527549,226.23803905213865,160.94508703917373,231.08415598578412,257.2384342180028
293.2097368720988,219.8454442143016,290.9128216407027,263.30625622297947,295.66487036586125,159.70159157315183,268.45848994166533,246.47694401045288,115,41969.0,223.64031966232182,216.7184233071541,247.9655152986157,266.50157982768536,226.06732841511936,160.87975960185096,231.46458795279344,256.71494093654
294.71238194473233,219.10509048407613,290.0988595492012,262.2589230791954,294.9652633869364,159.5450152196918,276.46430706155707,249.00920589623504,111,42080.0,222.4897082098599,213.90639715771655,249.2884644526069,267.964142090061,225.707232326032,161.8002115704411,230.92684394168603,258.90015503689915
299.29764239161966,218.1529632242549,287.6542580602024,260.4395348491193,294.32871284788416,159.88950926213926,276.90094560780005,252.50466709883614,107,42187.0,220.4574414969123,214.6535867982912,248.18075083927388,267.58907725378293,225.44583348443717,162.55637117976397,229.1432574446701,262.38775260083617
316.26688909151187,211.26398894286243,296.60625751201917,260.98574465279904,292.7258414109126,161.3208287466463,310.6956274503106,259.86210344525,129,42316.0,221.0381808900706,214.00438953548988,248.764097987815,270.0942699934664,222.32370229867792,161.0544090678259,218.34566758861592,264.19428231453134
318.50503531944213,206.93306688736342,292.56344499259166,265.8209223085451,292.9789721744446,157.2538363636601,338.2616005652147,252.4471269383549,123,42439.0,220.03138433400767,217.76730303238296,247.58540307811464,267.8581286664535,221.97791790140087,165.0885894883994,218.60467865233082,269.01468731754613
328.1606104519386,198.26036717968051,292.0762355005077,267.4741769430901,289.48870914368166,158.0711986501022,361.8310927332871,233.0614104898799,109,42548.0,220.0389574693432,217.40247841831632,248.93041474117211,268.94534508104425,221.19894093480602,166.15489375973087,218.92263154452297,264.59454003602156
335.5344405035125,183.4877755378913,293.5328030775965,264.0160513772659,289.03498034894625,155.49147921524863,393.0962127968867,193.34490270377052,110,42658.0,218.57805469624245,221.00971479857097,249.70969364560884,269.99569604405303,219.71458050553298,164.80390003991718,219.91398333238357,266.91458121737554
351.31017386438987,177.07529902882425,294.2089188067287,264.07230580828787,293.3939893808542,157.73368509638775,390.26269320783945,177.8664765408879,107,42765.0,218.11595329871543,223.8856859308969,250.11386942167812,269.79765868271795,219.493188023251,165.15450704988638,219.3819785687272,268.830235029879
354.9008267754269,159.75703392164561,293.0295212641951,271.0317080894823,296.76888058609296,158.3014782128385,394.6642715292205,157.57766913688906,121,42886.0,218.37248177363958,226.39102528527957,250.6634626717403,269.5564384053186,221.86287229826343,165.3223802695495,219.25340202189884,271.71213418139257
357.0638090988685,148.53791728986963,297.0507897495908,261.3736423478856,297.1523214082186,157.5775363691337,393.7815164824064,143.39780040483038,99,42985.0,218.25556939729645,225.25651381957573,250.3194809971817,269.03881683892627,220.1793672678009,166.99538492223127,220.73396515783008,270.70296698193533
357.29726776203995,140.734610778157,295.54774276773867,263.7476031211772,295.1298988402997,155.9114248472601,396.9353778545673,141.64610947578404,113,43098.0,217.73527423646155,226.37107143198466,250.95676331052098,268.64255966240825,221.1321746259533,165.56054811036458,219.9405056981256,272.0767021179199
343.40717507926485,157.375190164695,293.39490895562216,270.7625450867351,291.90262286036966,157.65933515338287,408.3785225541902,148.11709583866215,110,43208.0,217.13648796081543,225.6630319887209,250.0521680594123,269.6804320854649,219.44378354505142,166.46921592250837,220.2671154234707,271.24744652853315
346.9815443934433,167.84588579605483,295.21088779763136,264.1035884979357,293.05264338890504,156.78442089583103,389.93816507273715,166.53411390094146,107,43315.0,217.97501450192073,226.33536342200009,250.5094808482365,269.6700517647631,219.60079769873175,166.39451410422546,220.95107060844762,271.9297085622876
338.17610844376867,179.0043917075595,293.978171108256,268.1532616123186,288.2663101479609,153.61543030925492,392.1308091464663,187.20136133377238,111,43426.0,218.7563608306156,223.04133676549299,250.10207522769193,269.33190613879003,220.1437240317266,165.00302005917152,219.7191439762672,270.3851148666436
333.75386124264344,188.65249762755693,293.4146304345573,266.89610165633337,287.35911705765864,153.65788707529526,386.8154421535664,196.2786463401496,110,43536.0,219.03129334791268,221.66192295712509,250.0144250196867,268.7278144809275,219.6586192002031,164.56035123601083,219.3978230200649,265.57860975163686
326.35433121132286,198.28717323384683,293.61238353132256,263.84327898670347,289.387448662472,157.00929526332436,358.8760205984748,229.2465391871768,108,43644.0,219.70350391984937,219.07011310400912,250.01465410389386,268.5903061836216,220.08336884273461,163.94079366188458,219.15914358447654,264.09965189326283
321.0129601759367,208.67872869416917,293.2903340387724,268.1258141188435,293.3293730637123,160.39501882532738,341.9250099728532,246.49773621474301,111,43755.0,220.57177171783042,218.798718706993,250.3741981243265,269.61545570889405,223.3602573384657,162.52898559027295,220.62602217697025,265.06804116680104
314.8601250686443,215.35915456208468,293.9535951487898,268.12551640955155,294.05824291927433,162.35125640108916,312.59477063894906,269.41096730079516,128,43883.0,220.5531086403116,214.9266546391932,251.2003413435635,270.98595127092136,223.35091831197158,160.3827292554319,217.87803427294014,264.7745995843962
306.19238248870613,213.93934758956746,287.31985967418564,268.00198863833833,295.8464086719786,162.29986876355372,302.5094224034317,269.4673602012553,111,43994.0,220.66192444819043,214.1241835190308,250.94594697421047,267.5714219931606,223.38624503947696,161.93040786688863,217.31534393776002,262.29844408951624
295.32690073514175,217.3645904310233,290.6859117098133,263.00577265512055,295.67346547579575,161.27444392845723,277.5172857390791,254.01539351168051,111,44105.0,222.5885624974097,213.88687296694283,246.94372121471943,264.4801504331976,226.0122041171046,162.82783481149912,233.49375919574769,259.0732648449012
294.96687426174987,216.9706810241917,290.98197876300355,262.05816031350787,296.17745154100015,160.99924650904973,277.4998219133372,253.7799579986898,112,44217.0,224.40213069359248,213.19547917919223,247.7581813417632,261.47855331040785,227.9625202047414,162.49359565273295,232.49684624709886,258.2262043257201
295.9864463097853,218.5888560556432,290.26245076713263,263.065608557433,295.80986124134824,159.96072898131672,275.3821092195789,253.67788403059663,111,44328.0,224.5737625243493,213.1234730350589,245.15596101391537,261.379738261267,228.07753504745529,161.8059547940183,233.1677278473143,259.1297996765354
296.5689467371933,216.92627550444146,290.0432196093492,263.46667713966235,295.56935844117834,160.08257964327666,273.74586191354445,252.2871275389322,110,44438.0,224.44621361851375,212.6047237572721,248.9999774153732,262.4184496462133,229.21024879030585,161.88107120608944,233.6044449135859,258.81456504088703
296.11149876440237,215.9960932069826,290.18241012128027,264.03300899627794,295.80612142142945,160.1929878424919,273.3580846811796,252.07977118441215,109,44547.0,224.66809988654262,211.86211704783597,248.73413895422334,262.33554717908976,228.99663869518815,161.7342341412853,233.2892250445541,259.3159946428075
295.81451011273214,216.87332397678142,290.83493260553087,263.3131006858527,296.04990425413416,160.47849716240825,272.92571454844995,251.63465140128898,126,44673.0,225.67312225422745,213.93338729478288,245.44183189736125,264.530773230719,229.4799254237815,161.38335991584538,233.71419486695962,257.44272225267946
295.96311048108015,217.93837306338276,291.76389213582246,262.93765872398734,295.44837445732134,160.34304065636468,274.53807071918516,250.2541998866614,148,44821.0,226.12723919693929,214.3951026400637,245.64818071117446,262.8849947240429,228.6791231271759,161.2604984269872,233.2490422175481,259.2060425782119
295.94006930485335,216.70724210365813,292.36269032607345,263.2459063546938,295.55991094371683,160.21870894788427,273.81565731463445,250.563610660648,108,44929.0,224.1904552672207,212.05061223583292,245.26630725405258,264.3738889863907,228.7528056744239,161.68753328696693,233.7964352878399,258.32860654783417
294.96449275737734,217.5924071722608,291.5041705467973,261.82931105861456,296.5365527732303,159.99977573381202,274.18837489120517,252.1776531938981,108,45037.0,224.00371521157996,212.07430476395686,245.0217026424661,263.30006012288703,228.6653343625663,161.688581582066,234.78039971713363,258.6594540198927
294.7980918175978,218.68904032316917,291.36040158866257,262.1592234547028,295.20849657944086,160.3851712046993,270.41073584113894,252.55507608325453,115,45152.0,224.027769862815,213.1770350500358,244.528890794405,264.1881249044289,227.89899507315155,161.22654653528832,232.35458252600716,258.663439496132
294.9180688023252,219.71691362374196,290.89052478577787,261.77861006658696,295.29199574923325,160.35387059547725,269.9903023717258,245.2001743384528,114,45266.0,224.27817590040615,214.55331415468262,249.15454328218254,264.99068643698917,227.19661965610496,161.72344818658252,230.28431535715768,259.568660641056
294.83825036005885,218.8259084029554,290.56949605359955,261.34446928085384,295.574458195613,160.55802178976802,269.1136723930703,244.74879991117317,110,45376.0,224.54185910819385,215.6834550769304,243.26259289243177,263.37776428439867,227.8633324094413,161.998377626901,231.3405975422745,260.62213123905275
293.7084572384781,219.29067374124224,290.6545397204493,262.46323147702475,295.6796094656624,160.37707155709592,267.2288662938288,247.5330513312724,107,45483.0,224.52445842226876,215.20336626263284,249.89188034907573,265.55704517296624,226.9933612530048,161.40320502990502,228.75083053143646,259.95691917120774
294.1923235582104,218.15880826359543,290.79096786539503,263.11113160700137,294.980928537384,160.68501699861682,268.3265941022878,246.65522829917828,104,45587.0,224.65551887330074,214.872019893334,251.11087869902192,265.9499473164514,227.1119815411555,161.03117267432162,228.40982533260117,260.2469572562764
294.7495874865302,218.6974722974241,290.5628963237732,262.4518908300434,296.08302270702086,160.58609198845156,266.94160764982587,248.55308491988538,115,45702.0,224.593501002466,215.06416863818183,243.9642878362924,264.92373727818824,226.99529430278102,161.19207416140736,228.01642541860082,259.64376320618334
295.1976632439489,216.9255475217337,289.91786481214774,262.9931491295214,294.9061102829182,162.18874052326024,272.7723042212368,243.34103540169392,110,45812.0,224.23955537912383,215.50989687230663,249.1384070115633,266.8623798682597,226.66130409949025,161.938835768513,227.83977478189243,258.9569474624145
295.8804802932537,214.14655244223164,289.1021546381538,262.30930966414587,294.49400074602124,161.62575555441646,265.3909520318717,243.26625213080032,107,45919.0,223.67129540886108,215.3389076830229,249.56128674413543,266.1997241906,226.61161468263012,161.02953384779528,231.6436978044181,256.61293090874614
297.54644662062753,216.24530296732948,288.12056867766444,262.63760196780817,294.93943272598233,161.3578465146102,272.58584100940817,251.95780119437762,107,46026.0,221.93354679987985,213.46102690781564,247.925479797849,266.5180185935676,225.67039590931702,161.20642448235236,231.17923807402192,261.06083815632337
300.1257079349589,214.93162528475838,286.6153203018148,260.94218868377794,294.9516187106267,161.43325615607972,276.1876745249296,255.90147025220332,110,46136.0,221.21910843988314,211.75983578284863,248.4567123129766,266.6108142947811,226.21003735286808,160.79947094900328,225.36458792041404,263.37851283389057
315.62071843235816,209.0115868239216,291.94414255157386,269.98507951078045,296.11130448804295,157.37182372829668,315.8755800768298,266.854041157244,109,46245.0,220.72326943475946,211.75719671826343,248.06383451669222,271.39956436971755,222.90460480302968,162.60058039872249,216.82955177772584,260.8728415601194
319.6881734913793,207.63950497230175,290.72779000279763,267.49932462210336,294.6048710264009,155.97338299734312,338.2624586191355,248.7910955571619,109,46354.0,220.0072835421373,213.50183833112072,247.3308476212803,269.7870893919595,223.3970273774246,161.35552185710216,218.04334443191001,267.14035685800576
336.36250948716224,185.57025732943168,292.04869277913633,264.2072108801574,293.7494527882543,155.4659450435978,371.9066435715248,225.57065210308468,107,46461.0,217.77578116095668,218.10243282453868,247.68558815872643,263.24556506825513,222.0590266624876,162.3282346352139,218.67250477919845,262.79278873973044
335.2968526582187,183.84965808366118,293.1508889438619,265.53282279561,289.36397117392136,153.00236542453968,394.25872397991964,192.936512142738,108,46569.0,217.7187974003961,221.15446219664875,247.71138239286307,267.85117912971253,218.88158661617211,163.4859442116951,218.54671893132462,266.54092388220954
353.33115959673415,170.82057219807362,295.02956481447904,266.716823238495,294.6110643948421,153.42956156068848,386.6226762928444,173.06952235537491,111,46680.0,217.85793243732,219.44819397773608,247.19162513469828,263.0214270323621,218.7592086994364,163.79192664529933,219.89791586797497,264.57991929240916
352.1546996746518,146.14965364177883,296.57461879740345,265.5748922544866,293.9040781521987,148.04763793945312,388.6051839732365,145.39073441800699,108,46788.0,217.9266114576426,219.37408869801044,247.75296562862653,261.6511448761747,222.32292843117958,156.62270814074316,219.84034510443004,264.334043998311
355.8649863488478,132.4879167767182,295.10018103318765,257.46304875166817,293.0555810093564,145.00452645732838,391.53356577420425,127.94498049915896,112,46900.0,218.0958316307169,216.90767009911588,248.33516816561672,261.45406702659307,219.11278276924114,155.98244337848922,220.93320365926002,262.4678752939896
344.1627526725952,138.4151613500195,299.06925757936835,259.65294780256056,293.65332160767576,144.4739575912095,382.43667723961784,129.90239750872306,121,47021.0,218.24193696444485,216.1229448556052,251.00698213046047,260.35667229377503,223.35654827897048,154.89955046847197,220.97620511244722,261.80869397743743
356.22740889733916,134.06414860083964,297.69374989071963,256.1042921398883,293.85346511314657,144.21917708318853,401.4860530620545,128.35285200343014,136,47157.0,218.28631221457562,215.84218992457272,250.5437511980376,260.6594544543066,218.36750303718708,156.56762662731458,219.7690551919709,261.7294627831076
344.0942415191893,156.91773031105777,298.05484923506924,259.4196577513345,293.06611078803667,144.94920791680278,399.82382210243287,157.6682305929924,108,47265.0,220.58525287820427,215.70641575334758,251.1738380007149,259.64359378475314,222.1896993702856,155.99094988188287,225.05993466162238,261.2378136034114
344.5320942926786,170.97569340064433,294.70584859266205,260.528011525653,290.6830088972097,144.298026875669,399.59721653784,179.2720909050775,107,47372.0,220.7963752240654,214.4172581574247,251.96676158146138,259.15930588474475,220.83183956399205,155.39647003934053,222.492146782913,261.5110441459032
332.7116555939935,173.35458450045874,294.06976998326627,258.1028390524651,291.7301078816624,146.01568649672106,377.0272058137848,193.7784682304409,113,47485.0,219.92602037181905,209.27197086429257,251.2638009068821,260.19181709696807,222.90574293870196,154.9044201127999,222.93384218089457,259.26364443904566
332.6926529375881,194.1110913694117,295.0224097780587,260.99607121477766,295.96505405415905,151.50921668870595,363.8687328065422,231.65624218054938,110,47595.0,220.44297741958252,215.39110557040286,252.05612465936883,265.23950054127977,229.229971078726,154.89733088483166,220.31105668854647,258.04676992613224
322.3414882993825,200.91488658321285,295.1267985133973,262.36832289509084,295.8169547569214,151.98614911252494,344.80601991203173,248.4155485214288,107,47702.0,222.33478252704327,211.8960123299704,251.9695551136128,266.0963917796722,229.70958598412636,153.8149804492014,224.12730007019852,260.13679254945913
316.32386468133495,208.2526142486898,301.7849998575307,262.04464569634814,297.7782312691686,153.87673781859914,322.6524858955363,264.3535763343458,110,47812.0,224.1913635092009,212.8129695743004,251.1595934961456,268.3363707464361,231.7465371857904,153.91093569718225,223.1077563541321,263.2668632968889
314.3505533557356,214.7260132378955,292.3892373811029,265.3048817373256,298.8857295595366,159.4539104746754,304.79187659306615,267.8469957236293,110,47922.0,224.42084517339813,213.43988954808788,248.3512595098278,268.67346685552087,231.8572755201426,156.33821820024914,223.88423079837227,258.84600330502116
297.65366288648045,224.28495685400912,293.9567602344786,260.45067675173067,298.7394289375933,161.42523877561302,280.85457637392244,258.44875515567867,112,48034.0,229.47698699384532,213.75640095340825,251.2166921276629,265.6057774553944,233.90604924776198,155.97381388165346,237.30168107333802,260.77675089717343
295.8443801029924,215.2179682721447,294.068603515625,261.2590393392217,301.5083810821452,160.23070447385524,276.9154370052429,253.921222075873,112,48146.0,233.50684532752402,215.87713757443683,249.3420381824281,264.03138971837814,234.1650649660146,156.1817041580363,234.88506610576923,257.3206985039219
292.76145712450267,222.8667316911908,293.30681272147507,262.36699195943265,300.62723417813334,160.54877528940656,272.0118628382999,252.52545013970752,107,48253.0,232.16466251039375,216.90613716098338,250.01683445128586,264.8752778620058,235.00640302501245,156.64540165259746,232.41881514733916,256.89651815068254
294.836770621788,215.88174962488358,293.67758591548204,263.05908827595016,299.6063021955819,160.6198084821056,270.8424535290948,252.4595061061221,111,48364.0,233.50112388873924,219.42266280965026,249.38265165536407,265.07123085103433,233.1985360304936,157.45163914147645,233.93208875580243,255.9757916867945
295.40601816354445,216.1162865119473,293.3555526126285,262.95093631405,299.36753007398045,160.58738871401312,268.4349404089647,247.71972391529013,110,48474.0,234.04119759718998,220.56259250301483,248.56690788774966,264.21530564060413,232.37213185358428,158.8719592654408,236.43678052988233,255.446348903018
295.51588953964267,219.0415300338718,293.6733134545445,264.0593002699448,298.7892859178133,160.2789700328243,264.460038000456,250.07506034552415,108,48582.0,232.57085906415782,220.47737006190837,247.14606570944545,263.2054651335041,232.463431522764,158.04201417970492,234.48732249616626,255.90596765810062
296.66574007636365,217.7637590292934,293.4892179858463,263.57780945258634,298.66558692183355,160.4997636245239,270.18936440546247,252.03350895240212,106,48688.0,231.52691504683358,218.94453211611275,246.23376740068596,263.11368025918875,230.97984253253483,158.50705890044622,234.35450222511193,255.44298979735458
295.4212057179418,218.79881074844303,293.09097735255716,262.0084172041815,298.31655487141495,158.989500269771,267.962450589046,249.2315222444908,111,48799.0,230.8168964740136,218.01954181168853,246.59002207950826,262.7996071377683,229.66198534168683,158.71203928231344,231.29481631817802,257.73542872527315
295.1863255994073,218.27545573278684,292.8329516342528,261.6663732562625,298.0341871347605,158.74973636505018,270.8840837149785,248.38950079106775,106,48905.0,225.27342373875786,217.7822683205384,246.0134012439839,261.02528337906267,228.46167850241426,158.50851771670304,232.06750520660648,257.8434650244662
295.12163642863067,220.78036868275277,291.2795546959186,260.8115240348192,297.47189954358015,158.24901458631632,271.12778398023045,249.27268798665227,112,49017.0,223.84386138511277,214.9491893184567,243.15688631578846,260.42841819681735,228.55847103209962,157.7543781321244,232.5303832036431,256.45360410425593
295.3632109867167,220.750408783502,292.1035831360349,262.6021937034308,297.0478428200638,159.219929705311,270.5480212305206,248.29911323628815,110,49127.0,223.5709775727371,214.27366942273343,243.73417907431525,262.7022582356192,229.10874424941974,158.56062539531666,230.82351805993042,258.2920734229037
295.7637311292896,220.2363629867173,291.1061379511097,263.0807530413319,296.9677248684102,159.7617874960034,269.1633261925978,251.40439260896838,109,49236.0,225.12190841553382,215.6370918436831,248.101366280877,267.583275384326,227.2232966334497,160.19116982022214,231.89183404654344,259.3461785367375
295.80571263158987,219.87015856542618,291.8185477421202,262.5965571827736,296.3554693975878,159.31705135467638,270.3286702689821,253.19135781284757,129,49365.0,223.3118663352744,217.69832000189405,248.47325494498088,267.0669497289692,227.62535196400452,160.2819308352216,232.6968472832394,257.4684842880086
295.9134825850672,220.14251003061747,291.47891664378517,262.96895607510504,296.7438731712119,159.77982436210658,269.02985185780005,254.1068924873325,129,49494.0,224.69710372803382,215.4380153506676,249.03156472770226,268.08258477479114,227.43862971702998,160.10220646433984,230.27588214418927,261.924100719737
296.4411112737276,220.08141405641825,291.64255724029135,262.86084565403615,297.1153409032038,159.6257868865207,269.83404265790784,253.03097354983944,110,49604.0,223.15756395577756,217.12029888112355,249.95669741845575,267.7414653140031,227.8630199482966,160.21585892103747,232.86175067608173,257.4132015866317
296.2076024224967,220.52764892578125,291.87139495930563,264.121855874927,297.0190219221444,159.8823251418796,265.18085348195046,250.1239408717037,112,49716.0,223.14198137278268,219.25233725551186,249.32933696068886,268.7342643059021,227.85877500984336,160.4628802533676,232.68177467568802,258.13135052066684
295.2557534943841,221.33362087914952,291.0026890276598,262.1559816407988,296.80234064157827,159.7093719265215,269.5804278224469,253.36874123569908,110,49826.0,223.72526214356762,216.99532858417552,248.61667137247184,267.20080813479166,228.16795774100632,159.0699835943582,229.31353419782002,257.89015630810286
295.5329988110287,220.18858125625562,291.11719429967263,264.1730187032571,296.6488930780628,159.6957717841206,269.4880979826343,252.78549859532262,108,49934.0,223.5276620394355,217.05546667567356,249.20116151359417,267.974853108362,228.2895828368493,158.6358248890507,231.54445982105847,257.5874240372953
295.62292124295425,220.0616064105594,291.38060147313286,263.28542471780474,296.22329995233747,159.8200790568179,269.3882625994695,253.7215287829633,106,50040.0,223.53879245586043,216.59866170102592,250.1946292948027,267.2754008065764,227.633497000373,159.21918848655403,231.7742450420673,257.40747404268205
295.7281801744861,220.32809002967917,290.6641802800429,262.0771640220995,296.3077842651691,159.7318805409496,272.13509233307775,251.97536400628684,107,50147.0,223.35282464874837,214.92321896807582,249.6006568483712,264.8000661503802,227.72204007014676,159.32155649857162,233.1767357945126,257.10715399093897
303.24405417202007,219.3371343103592,290.41301656465,262.8627964440614,296.3108360229816,161.12652843108802,284.1944670740426,255.94892454317036,107,50254.0,223.08870593812168,214.6123982493988,250.08382053527023,271.143147275117,226.6528546968253,160.911067541808,230.0602208145101,265.1535130565277
314.9677701590865,217.74453784223132,292.320671587471,265.92275762048905,296.8527326912716,160.0625178652726,306.3265570278825,266.21258229971784,108,50362.0,222.23289752828663,215.4116106542404,246.64894630169047,267.5248942256398,225.6713365306905,161.73345056717082,220.69869104683875,261.1660450972696
317.30155317473475,207.0775715566615,293.3906340662301,267.0914066898441,295.8675904615488,158.65978335994842,331.36266167031044,259.5587861410664,108,50470.0,222.2232436121933,216.95181822861642,248.20706031050545,268.0503486823357,224.8753862861613,162.518871212345,221.03824645834203,264.44893209111217
333.03904161529135,193.55541514332185,293.58586966517123,266.52128728683306,293.3378839872244,155.938832836219,371.0564651286887,233.35448268469543,114,50584.0,219.59437706742423,219.74693501971367,251.19895631501785,270.1193769461744,222.40362111706318,163.6283030119655,220.27334279027482,262.7289298929778
333.99109696203584,185.97084778483654,294.37569534746984,266.63001634047976,294.63932998616747,156.05082284513318,384.0414270861396,209.91375756857656,106,50690.0,220.10777885781044,215.47162147603427,251.2997833171005,268.9160188831044,221.9084721977578,163.2610608844146,221.21143654739825,263.4864896726778
345.44866344340596,176.20075863875527,296.15079925294265,261.6310293394476,295.5969052099739,153.7390283333449,391.5242421279219,189.46963653021442,110,50800.0,220.28175515900872,217.23776657810419,251.28008733693736,263.68130721231375,221.4363126476501,162.73654109642598,221.3529296389309,263.83850260561474
354.2312905390003,175.44630322167882,295.73071507623405,267.29443465263387,301.2523976940692,153.86216676107932,410.0858831026194,169.60044833688974,109,50909.0,220.43281838495477,218.30232939261987,251.82065361690772,265.08287694530554,221.98328802376903,163.23682384558845,225.58128093851025,265.1091560010808
343.70143738602457,163.53841598347842,296.33720519371946,268.1516459997863,302.5204637765252,152.3658057379129,412.4430996922663,141.0892912840928,109,51018.0,220.26583947300597,219.38900984903248,251.85487175493716,264.76082798424994,221.6849394375829,163.6082721859535,223.30471575102058,264.8470406854704
354.2493701803273,139.25178636435513,300.5812819503663,260.7332521486113,301.4583338729899,148.712986033158,400.95876435702303,130.93347108236836,109,51127.0,219.8830719398883,219.85429322592304,252.96787454215539,267.20649800690893,220.76107278110496,163.91392473648452,224.6481388000974,264.93116412722765
344.8710814458306,143.01063456145047,300.471017974125,261.2405911374346,300.57804826083805,149.90997287302255,398.4837928185096,135.03205404587064,107,51234.0,219.7891158450504,222.1934240483729,252.95799599402145,267.5602988246497,220.36327736447282,165.61481570858126,225.35654123645247,264.0814985499263
358.8373936013138,145.62176415928744,300.4685286058988,261.5594585595182,299.4641339937003,152.19206243223144,407.7801208091352,146.83798766221017,109,51343.0,218.28096192458582,220.22956250825385,252.86484493184787,268.1278736481039,219.36688410508538,164.8509596420777,222.3184875973972,263.8668220492869
353.08843152276404,167.38874442212526,297.44516792600916,265.42212788320523,297.351907178641,153.3375761093194,407.9126993477819,158.64923728318402,110,51453.0,218.97209976965303,218.2227763332082,250.4954824270557,265.08569357658195,219.83847053993287,163.24505544642113,221.3644105622876,263.7793232113441
346.6419145093357,174.09524815786773,296.2542667945437,266.4138337810693,295.68484764200315,153.9653786221433,395.3585931793132,174.89978695255158,108,51561.0,218.86734180804592,218.74251233301132,251.8135447211228,267.9046022679882,220.21950476365637,163.4094968639659,221.12310394368058,262.10974262278273
334.0274379740344,181.35248964791617,295.155254333658,264.629107709457,286.95395188875483,151.27891513376474,389.8135926426248,192.76823675080973,122,51683.0,218.62499773344246,215.5996258827291,249.34615481753562,262.9926498250181,220.87459007688165,160.45822930929927,219.16030600469367,265.0204516645004
331.33707952119937,190.2573957816562,294.8874718946867,264.178293574323,292.3785270873052,149.69244125474816,371.5409519185438,214.8687760431147,122,51805.0,219.15134885266858,214.81965115910324,248.69627692022755,263.58267624607294,220.2333485732344,159.61669188801503,219.8447549754176,264.71766461681216
322.68588200172,201.4126923584853,294.43166879507214,263.28672225789245,293.31022308106765,152.06941862547527,341.601892769811,243.69971380539212,107,51912.0,220.3639063341864,215.9967195775585,247.12365835984127,263.94775173418043,223.25717834958348,159.39585431190574,220.82560045965786,264.588434348327
315.4068478854961,209.7659483668643,296.4972053345698,261.9762043257201,295.7310408938785,156.75540666139,317.7416725057506,263.3253381260773,106,52018.0,221.40282102225632,215.4588572410502,252.856665492374,270.56567066504863,224.0993299408364,159.09307133684803,220.25871378041077,263.3825830208449
312.6376472796938,214.73421551578838,292.3809684935552,265.01461639947314,295.40851137682364,157.7258664602911,299.2458013640791,261.551582092068,106,52124.0,221.59907576259948,214.7812592855976,250.2265812800481,270.0780525750537,225.3016172859334,160.22151580484737,219.6190038220636,264.67254557219263
299.4078084201965,215.08832340987132,290.60716988237215,263.543464144778,296.0243382947198,159.1004615322127,283.6784496357966,249.6810663297932,116,52240.0,222.15295118741716,215.7528227673731,247.37908563183854,267.49672465477124,224.85771280384827,159.01844526949301,228.15909469159283,260.5017162811713
297.3018559220615,215.699779198263,288.59819852388824,262.9550855100367,294.6800721671917,158.67321000828863,280.17806399722315,244.35226223222728,109,52349.0,222.49819646779682,215.08283309665012,246.91052181334962,267.02872727689373,225.48859371114474,160.11571375076457,231.5501245959052,258.09084912636104
298.4695118871228,215.9406247936534,288.35162964676675,263.437974054194,294.23005931257256,158.61488016474715,281.0909718480604,247.4746128503114,109,52458.0,222.82278531426144,214.87440156766957,247.7909709414373,266.4098352724123,226.82333220221318,160.25324322574932,230.8912525126409,257.99593392640253
300.9411750611323,214.3423022069965,287.4447433512154,262.483448014989,294.15817948804295,160.06712156682676,282.6662698032369,248.71105859288122,112,52570.0,222.53048519873175,215.81618210599086,246.61330164901776,266.5990386908589,226.76882958854856,161.22122116360376,228.9169141531623,259.14554456799056
302.5681942400945,214.4838815057829,291.42092757895387,263.45293934234945,294.66738268298246,160.8692139323496,281.3906836067017,250.26845857341945,110,52680.0,221.76938651411226,214.48670709684646,249.9026821146593,268.89104388362574,225.84370175470409,162.64290480427047,227.85664444576838,258.39187221594983
302.30660031265546,216.47266306486844,289.90701407273184,264.79293171621305,294.88018734069334,160.96299032299544,282.32230674682944,249.07863467613572,109,52789.0,221.63453443613233,215.07950290666358,249.95603687883374,270.58133705655035,226.1656225391661,162.59157011093194,229.04309988654262,258.0967099471449
302.96869657400117,217.73594560996492,289.904349653411,265.13638072166583,295.01767429179785,161.85773910576762,273.13819298377405,255.53560956092917,112,52901.0,222.5623028094952,216.52234793557813,250.6045394614141,271.4372280568839,226.51970253699025,162.8480831159816,230.2733468376989,259.03593984787153
302.4420603137433,217.95746117724215,290.09590290585635,265.2033583888804,295.1998763754766,161.6705968456336,272.6141130766122,253.86329216464986,109,53010.0,223.6540112887517,216.4830275023111,251.7894115498591,272.0613309921319,226.9291399644604,162.5697652470599,231.4203771292689,257.82808290257566
301.99348996109296,217.9611011416886,291.5127231587782,266.4098417886211,295.4920688295238,161.20465044449233,274.21060820157084,254.2081193482749,110,53120.0,222.39349769976792,217.45446157625142,253.05925364203412,273.68534291766287,226.92623391391743,162.84270968725673,230.95760112732097,258.45298244435594
299.9583261019356,218.49655620992402,293.76959115187753,264.1125800516257,296.54811059764586,161.1946195554903,271.843625986924,248.67094623660702,110,53230.0,223.9795391376202,217.35426264725547,249.64722286801128,264.8943141516417,228.43171380242873,161.65160698398574,234.418069449913,257.89932705753637
298.84852725567805,219.54641050291232,294.37559820929005,265.7486518506902,295.99307032415663,162.1764745746219,273.36595449270555,246.5636634996353,110,53340.0,224.00787434464107,217.0853610055727,249.0975328845118,265.9197047766417,228.18624238436672,162.25043273056954,232.9337834932444,261.63374395132917
298.3132699819712,218.07160560770816,294.9890177192992,263.56736234074384,296.14677206590886,161.6638525694715,270.1228474179377,247.29026584014352,116,53456.0,224.77201831119447,215.72287142064647,248.21267084986843,265.3116235699094,228.91145336849303,161.31049729751098,231.26410122575436,261.9880964068756
298.77323383361664,216.92284268416543,295.58402387785975,263.8615911626307,295.9772287060158,161.52399029171764,269.6957923626078,246.3699342177856,112,53568.0,230.49190612307282,222.19846229960487,248.23519071786407,265.69775618692313,229.0595000492167,161.62755484258577,233.43806663938165,261.8004713363919
299.12695927708467,218.60024434285657,295.7945571211352,263.0886751222441,296.69570072892486,162.1118761381645,272.5138988545466,246.22701833256627,110,53678.0,230.6584689598185,221.74815581786675,249.07045399794845,265.63019124638566,228.78560114286307,161.21658325195312,234.51738352484662,260.6863230233515
298.62479212429537,218.56193730415401,294.99792124295425,263.9189810430452,295.92811483287056,162.39999601425225,273.27841194618287,246.12092168729924,107,53785.0,229.96912786751903,221.9393990133157,248.31861136762788,265.80702975127195,229.09444874730602,160.9920477273201,233.6643985981018,261.2908537107855
298.62132591024954,217.39645957946775,295.22265042170915,263.91044155134426,296.04903567691065,162.80267328554203,273.0406743461953,247.84245324728752,106,53891.0,230.67391635884655,222.60021467650063,248.40147023491897,267.3323732423613,229.4791515562832,161.14717015167997,233.70848799890166,262.2439683798793
296.69708818592505,219.71726163002097,293.66931702793437,264.3411189720724,296.27767466739886,163.53483532671405,272.4765022743286,248.56031180276563,125,54016.0,230.44988900343998,222.4956262663166,247.5291932609417,266.91355043458765,229.90251212284485,160.74472237312074,233.5456309837119,260.8711402187144
297.47012839077007,220.07703536770097,293.2142764630305,265.5395768460854,295.88195638884287,163.99524295033086,274.25146128201675,250.81313584622964,120,54136.0,229.78739447555745,221.11290364927243,249.4249885215051,266.5904735415856,229.2568799734748,160.66712206368769,233.80721924475716,261.23163501563016
301.1358011179957,218.2968851510316,290.86797456210115,267.00380318529665,296.27526806899664,162.45287128190554,278.7749013723682,256.02774949260447,109,54245.0,222.62591698441642,217.183326707616,245.4716245818201,267.0012248029064,227.68149459393646,161.07735671182542,233.3820292424776,264.45777988094454
310.9255568608049,216.74022348750103,288.3750053425999,271.55646816267245,295.17830279524827,162.39621315138197,297.6112983966696,269.06870994703627,111,54356.0,221.12457518236081,218.55328308517826,251.4565060562417,275.0265092272776,225.16319699881882,163.51751122186192,224.05866668458327,265.0036634669185
318.2839285853055,212.12307940174253,295.51677430656287,269.53519149182955,294.00271549781377,161.5748924716936,329.0616652187682,260.9835511339941,117,54473.0,222.20557255833472,218.0129820256895,249.65099223412636,271.28127237231706,223.7792725904551,162.51298442854153,221.08520062595844,264.63604828641087
326.5456171314027,200.86177215033157,289.99671430107134,265.95898204002515,291.3594298021231,158.07580560976078,364.31510783633126,242.42580291639442,113,54586.0,222.0677674796917,218.307881202562,249.07868160176972,270.77136273910145,223.8420529960005,163.1718346402314,219.8224480019324,264.82755885005423
331.6089911422932,189.63717538691083,292.8625650178216,268.2246764104986,288.56898927562116,155.19570483007462,372.0983566972242,215.20604360994494,107,54693.0,218.9049728353081,220.3006152495795,248.7546788223226,270.61390832649863,221.62079990700641,165.31799587914952,218.88389081474327,266.9830083337967
351.49252570276235,179.18785393874415,294.3504944657141,267.5755577494665,294.832423688246,154.28616099510333,402.6716132126057,184.33754130190377,111,54804.0,217.3220634966377,221.21896818439308,249.66674885635982,269.24974326137124,220.2133372987297,165.2322832969584,219.36282980030984,268.3268929206604
351.5306475813888,174.69416757495375,293.0804904765729,269.779309853116,295.10247106577424,157.62084064958782,413.7701416015625,173.56633644511268,108,54912.0,216.0577680957096,222.17797493171014,249.84533416181407,269.8809390899549,219.9870822410685,163.98599079919455,218.74516798267314,268.9139227001693
356.73237686764344,146.0529938287158,295.54878862214025,263.29768333570814,294.2826636843087,155.0661230935745,391.91020773323527,147.2526376527399,109,55021.0,216.12059636204566,223.48052028235168,250.28555629740345,268.601494514221,219.88360012874045,165.9917458096433,218.4430376857282,268.080244234024
357.25950691364807,137.66411289201514,294.42314168186334,261.9281456563821,292.7449468718916,153.46985901802037,395.17686909642714,139.28116550649187,108,55129.0,215.60184610301053,223.23241644482601,249.40420054630516,268.9731627766348,219.98190477609006,164.85464130007924,218.7664558147562,269.33590912734064
343.82137430125266,145.32684543378838,295.5339183857966,261.5388803719626,290.9568037847625,152.45800459512188,390.8187022323002,143.02581406997191,108,55237.0,215.41890617390843,222.51470491131005,250.14241266630054,268.13850484284643,218.6215404237297,164.3492392543372,219.15611368275452,268.6145159358232
348.2011789984665,148.24448446362044,293.8103786640522,262.3959540642029,291.6528789813702,152.53354456076843,404.2235332458658,149.36853619232718,107,55344.0,215.53468942009803,221.8497518627669,248.8311690677066,269.5142589854176,217.9853525338818,163.83480640492832,218.9828519542907,269.0853319812924
339.1309184673927,168.54286112395047,293.5395574190256,269.05541851002977,290.2720249489701,152.89357141243602,393.77092842081817,168.6058182903032,112,55456.0,216.21233183762124,219.5209704090268,248.7438758425118,269.2593025397576,217.9253292336704,163.52600438739054,218.626662236626,265.95816262676203
331.8022779065039,175.9605532608847,291.0316313483038,261.63587414072924,285.9730740251212,151.28013274847825,389.5118466486033,189.42756788586385,109,55565.0,216.10484783466046,222.5074173462349,246.55765482854463,268.2301683527719,219.11668043870196,162.02906489796487,217.96348511065983,266.7012181400829
330.6205611899298,186.90958219915098,290.9418461240571,266.7605958714604,286.4522549454666,152.50300736613968,373.97035067530464,207.68116635359902,110,55675.0,216.40870840543147,219.02938779138583,246.00291123124583,265.8565822614894,219.6715466729526,161.56559302713526,217.65236201906083,265.09097496385675
325.8688079267345,199.0846936643336,293.2032140433314,265.74835373413515,288.23184875973976,153.98201898323686,353.56373592143984,238.5773438151621,112,55787.0,216.70596277049745,217.53905713770317,245.84024363550648,266.2009085115589,221.25869467656872,160.63302824081475,215.22169684857846,266.56358847838703
315.0919137646096,205.99613858287444,296.32105010257794,264.8978312753697,289.9616190862276,154.29385012154899,329.65982047569213,252.00036873596844,110,55897.0,217.74399613195772,216.2842762088436,246.5296154882295,265.86933936937,222.566047486323,160.0330988113566,214.92940422078343,267.8055363448065
309.76137176432724,211.24132638300014,291.2726416954628,264.1634529086619,291.8398278840973,157.90199225483417,304.5485312869125,262.6505065049141,111,56008.0,217.4611497115077,214.24304649923198,245.87339042036226,266.7833077101521,224.02385276571823,158.58027583763692,215.15880473412636,262.7221365416177
301.4036066272847,214.49815770485225,287.7445813894905,262.1777286733173,292.3830861058728,159.5502224850909,286.4900721542399,244.79790657016304,111,56119.0,220.0293778234831,216.72856497170662,244.58395555734006,262.9835597136691,223.98192711787132,158.03623430245287,224.25556941753362,261.5567628853686
296.614240044308,212.55703691910168,290.9713105624171,259.5844021725909,293.17507635060934,159.67021765658015,273.8693180640749,240.67601431307,108,56227.0,221.4010531073856,216.12086150145615,247.18533867550153,265.31849979930075,224.69045907179938,158.51296828734914,230.12865628108426,257.2994727681116
295.73044511304295,213.42530790172864,286.853032200659,261.97068672587443,292.93776292067315,156.1446717286025,265.92327735152105,239.97995695609643,127,56354.0,226.5934838413876,222.0944465012737,247.235380218263,263.3522712463161,224.0472946369364,155.54538496024244,231.03412010941642,256.4687115272169
297.406402304571,211.14461362574025,286.97495356795014,260.5656177887289,293.1513689683666,155.56846863010176,270.954819737442,250.8548245141515,122,56476.0,222.2699006988768,214.14864414527324,248.01682044719828,266.19707942433206,224.45940498331814,155.31018973245315,232.21151741493287,255.6033451446859
296.4035309404531,210.46177521294968,287.14295081181615,258.62727698058,293.1949645834197,154.68291991970293,270.3392907099636,248.54337006701266,108,56584.0,221.3662857338984,212.21720848219246,245.9938093838072,265.0911264657126,225.3542451327296,154.59600183887412,231.56060418652604,255.89433866887757
297.7044050383631,210.12275560046433,285.3879180827255,257.94486375041697,292.8667743389423,154.74872792742858,268.05484356867544,242.65719390000316,109,56693.0,225.56203260345865,217.68505238977616,242.40927132118287,261.90700381676066,223.96322639930787,154.1992820115276,230.95324933687004,258.5970271100353
296.6752756053004,208.90669663181512,289.42969689002405,259.26908771338407,292.97387727691887,154.2510337422327,274.0087145898956,242.12036865886,113,56806.0,220.6049442038296,211.97529097044603,246.81443272598227,264.385749301028,225.5289546248135,153.56883310338355,231.2485429273044,255.3585495049419
296.3765277407214,211.20617265803108,289.6418855297787,259.8447589263373,292.5020722811671,154.42629532457667,270.1994214450017,245.95002039047324,110,56916.0,220.54579352826596,212.4184762540661,247.17291794025616,264.7231724423446,226.00512112483426,153.53961116478536,229.84926744860743,255.54272200289145
295.6413619145158,212.1654143961299,289.27553697985746,259.1660615642724,292.08625773219916,153.81556039178923,268.0935320866835,239.2391975918699,110,57026.0,220.27350549672585,212.5430124085993,247.32494242943886,264.6717937645963,225.68324405255302,153.73063871444757,228.96752719221442,255.0420315834127
293.4389538347563,215.7189099729273,288.45224395671005,258.88885226538173,291.82917263526815,154.23255784655802,264.5519323374296,239.55172800084446,112,57138.0,220.25935408291198,212.99570809903943,246.69709951871272,264.06640130854163,225.2380856784649,153.7391016406945,228.14282242752202,254.83117317389764
293.96765266236326,213.61843611421958,287.64346823452007,258.3990386202666,290.74823435168685,153.6410131488406,267.53763294978864,239.11060224648472,112,57250.0,220.44863268298243,213.15831357474002,248.0082285752031,262.91996884600553,224.43682845138432,153.80713656279542,228.0146016492768,253.93851609416703
293.6002436873136,213.33194203224048,287.8680565629145,259.25743184479956,290.3818598982511,153.8240282051928,267.6490925351252,240.46271191797226,109,57359.0,219.96329633879728,213.35800360954534,248.13208946814902,264.38578269659837,224.71335818343837,153.6418822481963,227.85306409436132,254.25664026117835
294.9104013620068,213.54266971031544,289.96396861594934,255.14250134233902,290.66265399639417,153.1534712170367,270.05745237638837,238.8736822596649,113,57472.0,219.72322094661808,212.9481348872609,249.56998384915863,263.6931862610515,224.9494557671585,153.16969983518337,227.21456269686672,254.40308146629468
294.2081214641703,209.90574955516013,289.0938238250166,258.21510070583577,289.78697516241505,153.05837040694158,268.6104140547289,239.55643188910977,106,57578.0,220.29633296895724,213.55238863581863,249.0550074084052,263.2339597002892,224.10027865705817,153.13145539090303,224.4781939357282,255.79826612913737
294.36426137423325,212.8441875091227,288.66392262102124,260.53472118445563,290.38395848767516,153.6759001165098,268.58877490622933,240.080612019712,110,57688.0,226.87354778421337,218.39110125850533,241.07629912601544,261.3834345807384,224.06213411285648,153.1396723302658,226.89627973723478,255.3430429641887
293.55033894748834,212.07409624527358,288.65961616172086,260.6961284922536,290.22989814414274,153.83727728684178,267.95853753937337,238.80792271624256,111,57799.0,226.30202720905172,217.573767862286,242.46038381237568,262.92123217599675,223.38944412352868,152.92095903824233,228.16590326850547,256.27647094455057
292.7812733131631,214.33110165850547,288.4710531462409,260.6131128060012,289.9754519677605,154.40488061870968,256.88959339253154,248.26555862969772,110,57909.0,226.92163442110828,217.97228209064525,240.54054159068303,263.3470110367202,223.05928925936672,152.86329466252988,228.23864357541032,256.76837344186595
291.7111036062873,215.47430513592377,289.0585480950555,260.92214401082214,290.58985054967263,155.7245758165244,266.0177539451053,244.12319957149415,113,58022.0,221.1778943292026,214.5552747190211,248.4474987566313,265.0985744924308,224.18319944993888,155.2327311505627,223.04398797235058,255.21160980984837
291.505036290824,215.86632290768884,284.6142788591056,259.65323777385447,290.95298544481517,156.73460977357482,263.73734127621435,246.68218936784413,113,58135.0,220.37814760081645,213.56024881274672,246.59002410322037,266.5912461195977,224.1726494341377,155.4950777915873,227.75860935686757,255.17423853755423
292.3219991425936,217.79991472318932,288.7417513495731,258.5759504325025,290.146269052035,159.5294170447516,273.5919869420383,248.083999131498,106,58241.0,220.02946929526902,212.92698978953518,241.7569661836093,261.4850744064168,223.50645191789624,156.88736803591038,224.87846475697327,259.25023693206896
304.53922261609955,212.2891523150787,290.1545355111282,266.5768106806745,289.19777948597067,158.25968080568148,297.25800299201785,261.57863576217056,108,58349.0,216.45496074969952,212.21985161940827,239.55534350650697,266.7510606215942,222.5197125746021,158.49855117526343,217.1654693391026,262.12364984152583
314.67887170118735,205.11161751170172,288.85017900947554,266.5498624917027,291.94561459973886,153.23841570110932,312.6071669884638,262.28051616627977,110,58459.0,215.86837212033868,209.34348299834232,243.73272589726537,265.580682720578,221.23007372140256,154.4325126023479,214.78777958796573,262.2099012327364
319.8310920856992,194.00223076979884,290.1542242642106,261.708410948621,289.9371807391827,153.11220569542718,341.55725453829575,241.03638428386,107,58566.0,214.79731329556168,212.22543723218385,243.0398687064173,266.12497268622457,219.69046919035972,155.61775153217792,216.13909734022712,265.6176850125459
331.0289135029841,186.3360051328177,290.373707576519,261.132030283429,287.7645347858297,150.0854960455165,370.00636781242235,209.51666998269292,124,58690.0,214.72292285382903,212.91310252668168,245.389681444244,265.72277924344206,218.79856180449062,155.87959805417316,213.92781083084228,263.5688472218361
339.98010610079575,165.76365895118582,295.14934185645313,263.00055561540813,292.5229731795011,152.50558819210826,403.415881898106,173.51505551049718,123,58813.0,213.84018632398045,215.24736370480358,244.0558336900463,263.4750496535114,219.36969220796382,158.26105572574932,214.67526605337937,265.1565113271259
321.1059137238116,191.85843827461437,292.0474959558138,263.6612910477716,290.997089416342,151.8282346963034,330.3078584139796,212.1477033404693,108,58921.0,218.08730067245529,217.4459260553652,244.64844778298698,263.5767416088607,218.57578591263263,158.2295954694103,215.0641314357282,264.41328272700736
352.3433136876762,139.05027016201902,294.3666250699395,265.37929684241897,290.7980775706648,146.4560274551772,401.8529026830861,134.54420829582892,108,59029.0,213.522944361841,215.04998448056256,244.06500262354038,265.02186893992575,219.588402867001,157.60138324995486,216.41805330069062,264.0213437606432
344.7183531095874,137.40126205933052,295.1316036153535,264.25586415355315,290.32800527719354,146.29499605117743,395.40809600991975,132.12644475210607,110,59139.0,213.9781437881429,215.04478739673985,244.47732139961792,265.09643065971835,219.3770771380761,158.14891217866403,215.0961192406773,265.31950533177934
346.11320880110765,145.6766941708602,290.9915828957798,257.9247873109431,291.9827068136605,151.65841027935204,390.04011806821956,140.10269165039062,109,59248.0,216.44362715258208,217.0762810758,245.21012516173508,264.42799958470033,217.013279436754,160.39240664010367,215.7961638473389,264.10492309896125
345.0885374033799,159.52874017355703,289.7584962718367,259.6665943729496,291.67037518650534,152.33263008959352,387.46430131421477,153.44976791707649,111,59359.0,215.725877999627,216.5697997829668,245.47647258647243,263.8156176801254,216.3922410555164,161.12172761421613,215.45623313843097,265.8459738734778
331.8941394593419,174.00100708007812,289.64740945426485,258.4309501240686,285.9850410441189,151.90604321897243,382.78144978085635,185.3570999199809,112,59471.0,215.42548060733378,217.38365217460012,245.41595853608231,264.7113813624263,216.12265184640256,159.22128344770002,214.52142669920585,266.60459335164245
325.1311674042153,182.7718681797014,292.089628427035,263.3405160055466,285.5730262169472,151.56633696097919,365.84056014407537,203.19555357257667,108,59579.0,215.5804969524515,216.2521985417159,244.940378912564,267.8743902729076,216.79812808251825,158.53187506733417,213.66164918287362,265.43234081879206
325.1106411961725,186.73631498397882,291.35935978168516,261.83911713841115,286.22062865239565,154.65896715048794,353.42287422807533,224.3426122699344,111,59690.0,216.59747379211913,217.78483703043116,242.41359477966472,263.2024114751307,217.92542880030464,158.49374791481318,213.46468250062168,265.16608608150824
313.30205659335115,198.61045498016463,286.22938565929627,257.667028284582,288.8028269800646,149.74675080105928,331.72983346630474,246.43530197415063,108,59798.0,214.70051651608088,212.6993826869544,242.87516677411233,263.3652784137115,219.701823024598,155.57414506253824,215.752723754559,264.723053521533
309.5375218884698,207.04483656696576,293.0246060723019,263.7998598580683,289.9261636506341,152.69976877232887,304.78374005628837,262.15442589593533,112,59910.0,215.1042648841595,215.0773700700536,243.48328233713815,264.4024348683205,217.71238939199276,156.1522590392849,212.2767202038348,265.1223700581072
297.9812338750622,213.14670209782832,283.76586833114015,261.6507017739727,288.27872582392604,155.56281663344848,289.0548487493783,254.93498778428048,109,60019.0,215.74049972412757,215.065599353288,242.0364396072509,261.1188194845071,219.05404735939567,155.13694573127503,220.24813300418603,259.375357330906
294.17290563608674,217.69065744936256,286.8316618011232,260.6656790628128,288.4841797522588,158.73647099287908,274.2469743075991,245.23419882479092,107,60126.0,216.68504790855027,215.56747714819855,243.82949302936424,265.93508954574213,218.1692950099469,154.28575454657613,222.85270549258126,260.27793047691154
293.39427553374185,214.1713649437521,285.36740573711035,259.8696801670929,289.39224688380716,158.25128059794469,272.99294550159567,242.58381955564235,111,60237.0,217.7028018536555,213.90122328788783,239.44765935842173,262.52501572578404,219.1527575586456,157.96964272061277,220.54246472427002,257.3357228452201
292.57099829554875,215.66991195135688,283.1567042828871,260.02379176455463,289.213510609432,156.65807567881518,270.61146541362734,239.58727066202943,111,60348.0,217.71561599852868,212.99576715218217,238.62658837113517,263.04177226545124,219.47450025644483,158.97346958146827,221.83349933168927,257.27192264434706
292.42176814800234,215.90662321586206,281.94514105111284,259.5758740842555,288.7836081912094,156.23597277441058,270.4855597619985,241.99253285906917,112,60460.0,217.60104313453246,211.91174327266603,238.16926667797787,261.36295902347234,219.3356849407328,158.58084356233317,221.92608334973892,257.1380015200143
292.45378974894317,215.64749374932663,282.12649722314325,259.5037331360515,288.77789322830324,156.12393674477136,270.48074980313334,241.5492123641153,105,60565.0,217.35665966408317,212.3746665601629,239.0967893726946,261.2426144202833,219.08790001502402,158.35782631436277,221.64569075607182,257.4006218418108
292.96935549465354,209.22466970423363,282.24062648945215,259.02623512566726,288.1108880485717,155.94456791453516,264.30588780410733,241.76236895904,115,60680.0,217.34800627124093,213.800268071402,239.26146165761773,261.07229701140596,222.61107265158736,156.90982207708936,224.13567742871356,258.25729152910225
